***2D Rectangular Problem***
***Instances for the Single Stock Size Cutting Stock Problem (SSSCSP)***
Input parameter file: none_it_is_the_A24_from_A
****************************************************************************************************
Total number of instances 
LargeObject.Length	LargeObject.Width
Number of different item types (i)
Item[i].Length	Item[i].Width	Item[i].Demand
*****************************************************************************************************
1
2550	2100
107
2040	1111	1
1940	1111	1
2040	1102	2
1940	1102	1
1071	1071	4
2001	1021	1
1751	1002	1
1681	1002	1
1391	1001	1
486	976	1
718	961	4
468	961	6
2040	952	2
1418	918	2
913	913	2
2002	911	3
1081	902	1
641	881	6
467	879	2
367	879	1
1921	851	3
1821	851	4
1888	835	3
1788	835	4
1001	771	3
1681	752	2
1441	752	2
1081	752	1
1121	751	1
1001	751	3
1001	721	2
1001	691	2
501	691	1
2251	671	1
2001	671	3
1501	671	2
1401	671	1
1366	671	1
1001	671	3
551	671	1
2040	641	3
2001	611	1
443	565	2
2400	561	1
2160	561	1
713	559	2
663	559	2
2400	543	2
2160	543	1
1441	543	4
720	511	1
717	509	1
1681	502	1
1441	502	1
1081	502	1
881	498	1
815	498	1
967	495	2
2356	487	5
2116	487	4
2040	481	1
1940	481	3
1111	464	2
991	464	1
401	461	1
967	459	5
267	459	1
1962	450	4
2116	437	4
1131	418	1
1065	418	1
557	392	2
1001	391	4
751	391	4
501	391	1
2116	387	4
2160	385	2
981	378	1
915	378	1
768	373	2
966	368	1
721	368	2
721	367	1
1752	361	1
1502	361	1
557	352	2
721	351	1
768	333	2
1001	329	12
341	329	2
1111	304	2
858	281	2
721	281	2
1131	268	1
1065	268	1
721	251	2
467	249	1
2441	201	2
721	201	3
2170	191	1
2441	151	1
720	145	1
2411	101	1
2410	101	1
1251	101	1
731	91	1
481	461	1
