***2D Rectangular Problem***
***Instances for the Single Stock Size Cutting Stock Problem (SSSCSP)***
Input parameter file: none_it_is_the_A25_from_A
****************************************************************************************************
Total number of instances 
LargeObject.Length	LargeObject.Width
Number of different item types (i)
Item[i].Length	Item[i].Width	Item[i].Demand
*****************************************************************************************************
1
2550	2100
75
501	1801	1
1071	1071	2
2101	1021	1
2001	1021	3
1681	1002	1
1441	1002	1
2111	1001	1
1361	1001	1
721	981	6
468	961	4
1418	918	2
1201	901	1
251	901	1
721	881	2
721	831	2
1001	771	1
1441	752	1
1361	751	3
1001	751	1
751	751	3
1940	641	2
963	559	2
413	559	6
768	557	4
729	557	1
668	557	1
2400	543	1
1101	541	1
651	541	1
481	511	2
1441	502	3
2111	501	1
981	498	1
915	498	1
881	498	1
815	498	1
2116	487	3
1940	481	2
557	472	4
967	459	4
768	453	4
1801	451	1
1001	449	1
441	449	1
2356	437	4
782	392	1
721	392	1
751	391	2
551	391	3
2356	387	4
2002	361	1
1001	329	1
751	329	7
557	329	2
441	329	1
980	299	2
729	295	2
967	279	4
981	268	2
915	268	2
831	268	1
765	268	1
2191	255	1
2091	255	1
2501	251	1
519	250	2
557	242	6
2400	235	1
768	223	4
668	223	2
392	165	1
519	145	6
418	250	1
378	250	1
481	461	1
