***2D Rectangular Problem***
***Instances for the Single Stock Size Cutting Stock Problem (SSSCSP)***
Input parameter file: none_it_is_the_A27_from_A
****************************************************************************************************
Total number of instances 
LargeObject.Length	LargeObject.Width
Number of different item types (i)
Item[i].Length	Item[i].Width	Item[i].Demand
*****************************************************************************************************
1
2550	2100
78
1055	1055	4
991	1001	1
1081	991	1
1402	902	2
897	897	2
467	881	2
367	881	1
1404	801	3
684	801	2
1404	751	3
684	751	2
1404	736	1
684	736	1
1404	686	1
684	686	1
2400	661	1
2350	561	2
1410	556	3
690	556	2
443	548	5
1630	542	1
901	542	2
713	542	3
663	542	2
1410	530	3
690	530	4
1410	525	3
1001	521	2
2367	511	1
717	511	2
2047	498	2
1997	498	2
1407	498	2
1117	498	15
657	481	5
1487	467	3
503	467	3
267	461	1
1410	456	1
690	456	1
2367	448	8
637	448	1
998	445	1
748	445	4
498	445	1
467	445	3
1410	430	1
690	430	1
1410	425	1
690	425	1
366	411	1
637	408	1
2047	398	2
998	398	1
2400	351	1
541	351	2
2127	348	2
498	325	6
1918	318	1
798	318	1
712	318	1
662	318	1
497	318	1
298	318	1
478	317	8
353	297	2
2400	251	4
2160	251	2
1441	251	8
467	251	1
451	250	1
411	250	1
2367	248	1
2400	206	4
466	201	1
991	182	2
326	109	2
467	461	1
