***2D Rectangular Problem***
***Instances for the Single Stock Size Cutting Stock Problem (SSSCSP)***
Input parameter file: none_it_is_the_A28_from_A
****************************************************************************************************
Total number of instances 
LargeObject.Length	LargeObject.Width
Number of different item types (i)
Item[i].Length	Item[i].Width	Item[i].Demand
*****************************************************************************************************
1
2550	2100
54
221	1801	2
1055	1055	2
721	1001	1
1402	902	1
1404	801	1
721	801	1
1404	751	1
1025	556	2
2338	542	1
1668	542	1
963	542	2
901	542	1
613	542	1
1025	530	2
637	528	2
1025	525	2
2400	520	1
1407	498	1
1167	498	1
2003	481	2
512	481	6
2367	448	2
2127	448	3
1407	448	2
998	445	1
498	445	2
480	445	2
366	411	1
1407	398	2
477	398	1
633	388	1
2400	382	1
539	353	3
541	351	1
2003	321	5
898	317	2
798	317	2
2038	314	1
1998	314	3
637	298	3
353	297	1
2400	251	2
321	251	4
531	250	2
301	250	3
2160	206	1
721	171	1
2400	161	1
2001	101	2
835	728	2
1980	380	1
1860	380	2
1820	380	6
880	380	6
