***2D Rectangular Problem***
***Instances for the Single Stock Size Cutting Stock Problem (SSSCSP)***
Input parameter file: none_it_is_the_A29_from_A
****************************************************************************************************
Total number of instances 
LargeObject.Length	LargeObject.Width
Number of different item types (i)
Item[i].Length	Item[i].Width	Item[i].Demand
*****************************************************************************************************
1
2550	2100
82
1113	1113	2
1055	1055	8
1741	991	1
2411	951	2
1402	902	7
2160	901	4
897	897	2
763	882	1
463	882	4
1164	801	2
2441	751	1
1164	751	2
721	701	2
998	637	2
498	637	18
2400	636	2
2300	636	1
2400	601	3
2300	601	1
2400	570	1
1940	561	4
1691	561	2
1467	561	1
1217	561	2
717	561	2
2370	553	1
2270	553	1
1668	542	1
1630	542	3
963	542	2
713	542	6
691	542	1
613	542	2
303	542	3
481	531	4
367	531	1
1001	521	3
2367	511	1
701	501	1
1907	498	2
1766	481	3
541	481	3
1467	461	5
1217	461	2
1657	448	2
1407	448	2
998	445	1
498	445	2
367	445	3
267	445	3
1001	401	2
2127	398	6
2047	398	2
1001	398	1
1001	371	4
351	351	2
2367	338	1
2253	321	2
1918	318	2
1498	317	3
453	317	8
2038	314	1
1998	314	3
918	314	4
2161	311	1
2400	302	1
353	297	1
2400	251	8
2160	251	4
1910	251	2
741	251	3
321	251	4
2127	248	2
2400	241	1
721	221	1
467	221	1
371	210	4
721	182	4
466	171	1
2253	161	2
326	86	1
1301	81	1
