***2D Rectangular Problem***
***Instances for the Single Stock Size Cutting Stock Problem (SSSCSP)***
Input parameter file: none_it_is_the_A31_from_A
****************************************************************************************************
Total number of instances 
LargeObject.Length	LargeObject.Width
Number of different item types (i)
Item[i].Length	Item[i].Width	Item[i].Demand
*****************************************************************************************************
1
2550	2100
36
1055	1055	2
721	1001	2
2241	991	1
1851	991	1
1741	991	1
2400	636	1
2400	601	1
1217	561	2
1170	556	2
901	542	1
1170	530	2
1170	525	2
1117	498	1
633	488	1
722	481	6
407	461	1
998	445	1
480	445	1
716	411	1
406	411	1
637	398	1
897	391	2
2160	381	4
637	373	2
963	362	1
463	362	2
2003	321	3
508	317	4
1998	314	1
2400	251	2
2160	251	4
2101	201	1
1751	201	1
2501	101	2
2201	101	2
925	443	1
