***2D Rectangular Problem***
***Instances for the Single Stock Size Cutting Stock Problem (SSSCSP)***
Input parameter file: none_it_is_the_A32_from_A
****************************************************************************************************
Total number of instances 
LargeObject.Length	LargeObject.Width
Number of different item types (i)
Item[i].Length	Item[i].Width	Item[i].Demand
*****************************************************************************************************
1
2550	2100
98
1649	1736	1
2051	1501	1
1751	1501	4
1301	1301	1
2001	1181	1
751	1151	4
591	1151	2
2141	1001	1
1501	1001	1
751	1001	1
351	1001	2
1931	981	4
2504	901	1
1601	901	1
1303	901	2
751	901	2
2501	751	1
2002	751	1
2001	751	1
1852	751	1
1752	751	2
1751	751	1
1252	751	1
1906	651	1
1402	651	1
2103	601	1
1651	601	1
1201	601	1
1373	581	3
560	560	1
2504	551	1
2501	551	3
2401	551	1
2254	551	2
2251	551	1
2003	551	3
1881	551	1
1861	551	1
1755	551	1
1503	551	3
1501	551	1
1483	551	1
1283	551	1
1252	551	6
1002	551	3
752	551	1
701	551	1
502	551	1
752	501	1
890	500	1
2241	481	1
991	481	4
902	481	1
302	481	1
161	481	2
439	477	1
1111	464	3
721	461	1
1152	451	1
465	444	2
605	443	1
445	443	1
581	422	1
1001	401	9
2006	399	4
1691	371	1
1001	371	3
1505	350	1
1055	350	1
535	350	1
1441	331	1
2003	321	1
1022	321	1
1002	321	2
902	321	1
2191	317	3
1441	317	4
581	315	2
551	315	6
441	315	4
341	315	7
1111	304	3
1002	303	1
2252	281	2
2002	281	1
1752	281	2
902	281	5
701	281	2
652	281	1
542	281	2
341	281	2
1597	279	2
978	264	1
1002	250	1
1752	241	1
1002	203	1
1405	191	4
751	315	1
