***2D Rectangular Problem***
***Instances for the Single Stock Size Cutting Stock Problem (SSSCSP)***
Input parameter file: none_it_is_the_A33_from_A
****************************************************************************************************
Total number of instances 
LargeObject.Length	LargeObject.Width
Number of different item types (i)
Item[i].Length	Item[i].Width	Item[i].Demand
*****************************************************************************************************
1
2550	2100
134
1751	1501	1
1501	1501	1
1301	1501	1
1001	1501	1
1773	1201	1
1201	1201	1
1511	1171	1
991	1151	1
751	1151	3
1661	1101	1
2254	1001	1
2253	1001	4
752	1001	2
751	1001	3
591	1001	11
171	997	4
1492	814	1
2253	751	1
2002	751	3
1802	751	1
1752	751	3
1502	751	5
1252	751	2
1002	751	1
2501	701	1
2253	701	1
2251	701	2
1201	701	1
1382	610	2
1182	610	2
782	610	2
1801	606	1
2370	601	2
2270	601	1
1841	601	1
1402	601	2
1202	601	3
802	601	2
1602	581	1
1378	579	1
2504	551	2
2501	551	1
2254	551	1
2003	551	2
1801	551	1
1753	551	1
1653	551	1
1366	551	4
1251	551	2
1166	551	2
1152	551	1
1002	551	1
981	551	1
852	551	1
766	551	1
501	551	5
500	551	5
246	551	2
126	545	1
1505	531	1
741	531	1
209	531	2
2001	521	1
2002	501	1
1002	501	1
752	501	1
890	500	1
255	486	4
2241	481	1
1753	481	1
1505	481	1
1501	481	2
1305	481	1
1002	481	1
905	481	1
802	481	1
486	481	2
721	461	1
605	443	1
1840	429	1
581	422	2
1403	401	1
1001	401	2
971	401	2
721	401	1
2006	399	3
902	383	1
1681	331	5
442	321	1
2401	317	4
2191	317	2
1681	317	5
1441	317	2
725	315	6
401	315	15
1111	304	3
2391	301	6
1971	301	1
1061	301	1
1001	301	1
1001	299	7
855	299	6
771	299	7
691	299	14
2431	291	3
1841	291	1
751	289	7
485	289	8
2252	281	1
1642	281	1
802	281	2
722	281	3
642	281	1
1745	255	1
1002	253	2
532	253	1
470	253	4
902	250	1
962	249	2
1002	248	2
492	233	6
852	221	1
702	203	2
2201	201	2
1840	191	2
1151	191	2
1002	191	1
1001	191	4
721	191	1
348	161	3
1376	151	2
835	128	2
1301	101	1
2451	1151	1
