***2D Rectangular Problem***
***Instances for the Single Stock Size Cutting Stock Problem (SSSCSP)***
Input parameter file: none_it_is_the_A35_from_A
****************************************************************************************************
Total number of instances 
LargeObject.Length	LargeObject.Width
Number of different item types (i)
Item[i].Length	Item[i].Width	Item[i].Demand
*****************************************************************************************************
1
2550	2100
68
2211	1251	1
2253	1001	2
1501	1001	1
1121	1001	2
1001	1001	1
991	1001	1
751	1001	1
591	1001	2
1121	940	1
2501	751	1
2251	751	1
1906	751	1
1502	751	1
1686	727	1
2501	701	1
982	610	2
2370	601	1
1031	601	1
1002	601	2
1252	583	1
1503	581	3
878	579	1
1753	551	1
1751	551	1
1503	551	4
1252	551	1
1002	551	1
966	551	7
172	551	1
209	531	1
721	501	1
611	501	1
2501	481	1
2241	481	3
1941	481	4
1741	481	1
1503	481	3
1141	481	3
161	481	2
439	477	1
1141	426	1
1001	371	1
2507	350	1
1441	331	1
2431	317	2
1781	317	2
1681	317	4
1471	317	3
1441	317	2
691	315	4
681	315	4
601	315	8
751	291	1
2102	281	1
2002	281	1
1252	281	2
1152	281	2
702	281	4
1940	255	1
1205	255	1
1001	255	1
582	253	3
470	253	2
2191	251	4
501	251	1
601	249	14
501	249	6
502	481	1
