***2D Rectangular Problem***
***Instances for the Single Stock Size Cutting Stock Problem (SSSCSP)***
Input parameter file: none_it_is_the_A38_from_A
****************************************************************************************************
Total number of instances 
LargeObject.Length	LargeObject.Width
Number of different item types (i)
Item[i].Length	Item[i].Width	Item[i].Demand
*****************************************************************************************************
1
2550	2100
42
2349	1283	2
2109	1283	1
2349	1258	1
1399	1171	4
1199	1171	4
799	1121	4
2349	785	2
2109	785	1
2004	753	2
1753	753	6
2349	751	1
613	751	4
1003	723	6
2382	687	4
2382	587	4
1504	583	2
1503	583	2
1004	583	2
273	583	4
1502	581	1
1252	581	3
752	581	1
1453	483	4
1004	483	2
2253	481	1
2005	481	5
1502	481	2
1252	481	1
402	481	21
326	456	2
1603	403	2
2282	387	4
1894	314	1
1003	303	2
1396	258	1
751	161	1
727	145	1
1375	90	2
1175	90	2
775	74	1
502	481	40
1905	330	4
