***2D Rectangular Problem***
***Instances for the Single Stock Size Cutting Stock Problem (SSSCSP)***
Input parameter file: none_it_is_the_A40_from_A
****************************************************************************************************
Total number of instances 
LargeObject.Length	LargeObject.Width
Number of different item types (i)
Item[i].Length	Item[i].Width	Item[i].Demand
*****************************************************************************************************
1
2750	1220
40
943	736	1
706	516	2
1120	486	2
486	433	2
706	286	3
2357	875	3
2117	875	1
2117	775	1
1036	523	4
2357	473	1
2357	425	2
2117	425	1
2117	375	1
500	530	3
1570	490	1
1550	490	1
500	460	3
450	440	1
1450	410	1
1420	410	1
2121	280	1
2021	280	8
1010	280	1
250	250	4
1350	225	1
1950	150	6
1850	150	2
1750	150	6
1650	150	6
1450	150	16
1350	150	4
1250	150	2
1200	150	2
950	150	14
850	150	8
750	150	20
700	150	4
450	150	15
400	150	4
350	150	4
