***2D Rectangular Problem***
***Instances for the Single Stock Size Cutting Stock Problem (SSSCSP)***
Input parameter file: none_it_is_the_cl_09_060_02_from_CLASS
****************************************************************************************************
Total number of instances 
LargeObject.Length	LargeObject.Width
Number of different item types (i)
Item[i].Length	Item[i].Width	Item[i].Demand
*****************************************************************************************************
1
100	100
59
56	56	1
61	93	1
86	92	1
49	99	1
93	80	1
88	81	1
78	70	1
87	42	1
41	15	1
76	81	1
32	11	1
75	98	1
50	60	1
27	43	1
97	63	1
81	65	1
22	78	1
88	65	1
74	76	1
99	95	1
5	92	1
61	50	1
63	51	1
28	90	1
100	69	1
97	98	1
63	89	1
68	88	1
55	61	1
94	55	1
76	88	2
71	51	1
73	66	1
51	75	1
100	48	1
85	77	1
53	82	1
72	57	1
90	20	1
73	15	1
95	60	1
53	50	1
82	53	1
100	14	1
98	100	1
97	55	1
91	99	1
98	74	1
62	50	1
67	22	1
61	55	1
59	97	1
39	75	1
69	100	1
94	74	1
82	81	1
97	90	1
87	54	1
65	77	1
