***2D Rectangular Problem***
***Instances for the Single Stock Size Cutting Stock Problem (SSSCSP)***
Input parameter file: none_it_is_the_cl_09_100_02_from_CLASS
****************************************************************************************************
Total number of instances 
LargeObject.Length	LargeObject.Width
Number of different item types (i)
Item[i].Length	Item[i].Width	Item[i].Demand
*****************************************************************************************************
1
100	100
99
25	39	1
64	55	1
37	48	1
58	59	1
76	59	1
6	42	1
94	74	1
56	51	1
89	92	1
59	90	1
61	62	1
16	69	1
63	86	1
74	100	1
42	13	1
36	80	1
49	43	1
50	70	1
84	74	1
68	98	1
97	59	1
39	68	1
38	99	1
12	37	1
56	89	1
88	98	1
67	33	1
67	87	1
77	80	1
100	54	1
79	80	2
85	100	1
59	82	1
73	72	1
68	88	1
63	73	1
4	98	1
71	2	1
68	58	1
54	58	1
10	23	1
54	94	1
30	93	1
7	6	1
28	10	1
62	97	1
53	83	1
70	64	1
8	72	1
82	60	1
89	88	1
98	35	1
99	70	1
63	87	1
36	69	1
84	67	1
50	93	1
7	83	1
44	34	1
33	11	1
16	84	1
61	75	1
15	24	1
93	66	1
91	73	1
78	86	1
96	75	1
65	84	1
69	9	1
90	89	1
100	62	1
78	100	1
96	94	1
95	63	1
95	52	1
40	87	1
47	93	1
61	50	1
52	54	1
62	73	1
11	48	1
90	99	1
71	69	1
97	77	1
35	78	1
87	9	1
51	95	1
43	96	1
71	99	1
82	80	1
94	81	1
100	70	1
79	42	1
96	63	1
48	31	1
20	10	1
79	97	1
71	58	1
63	91	1
