***2D Rectangular Problem***
***Instances for the Single Stock Size Cutting Stock Problem (SSSCSP)***
Input parameter file: none_it_is_the_cl_04_080_02_from_CLASS
****************************************************************************************************
Total number of instances 
LargeObject.Length	LargeObject.Width
Number of different item types (i)
Item[i].Length	Item[i].Width	Item[i].Demand
*****************************************************************************************************
1
100	100
76
30	15	1
13	3	1
7	27	1
29	12	1
7	2	1
19	14	1
13	12	1
21	2	1
16	4	1
17	14	1
19	4	1
32	30	1
5	17	1
2	8	1
33	23	1
12	23	1
5	15	1
19	19	1
4	31	1
27	23	1
24	16	2
16	5	1
33	34	2
14	16	1
12	17	1
24	11	1
23	17	1
27	31	1
34	26	1
16	21	1
28	12	1
30	7	1
30	26	1
12	30	1
9	26	1
27	34	2
17	15	1
8	12	1
10	9	1
6	2	1
12	20	2
14	26	1
30	24	1
7	17	1
18	16	1
4	15	1
19	10	1
25	10	1
29	33	1
16	6	1
17	6	1
4	18	1
33	3	1
29	4	1
34	5	1
34	2	1
24	4	1
13	29	1
20	3	1
5	6	1
25	7	1
5	10	1
30	13	1
15	12	1
33	8	1
24	20	1
29	24	1
20	5	1
18	29	1
17	34	1
27	4	1
31	6	1
25	11	1
18	6	1
29	19	1
18	26	1
