***2D Rectangular Problem***
***Instances for the Single Stock Size Cutting Stock Problem (SSSCSP)***
Input parameter file: none_it_is_the_cl_05_060_09_from_CLASS
****************************************************************************************************
Total number of instances 
LargeObject.Length	LargeObject.Width
Number of different item types (i)
Item[i].Length	Item[i].Width	Item[i].Demand
*****************************************************************************************************
1
100	100
60
45	60	1
56	3	1
63	13	1
19	79	1
16	24	1
74	2	1
49	4	1
31	50	1
41	97	1
35	34	1
2	83	1
64	99	1
76	71	1
28	21	1
42	5	1
73	13	1
11	65	1
77	18	1
27	61	1
49	15	1
67	37	1
36	14	1
44	71	1
13	61	1
100	74	1
94	32	1
15	91	1
21	40	1
99	100	1
73	27	1
97	11	1
61	73	1
87	69	1
30	88	1
79	52	1
56	17	1
18	71	1
52	37	1
82	70	1
62	60	1
81	28	1
63	30	1
61	54	1
66	24	1
100	95	1
17	55	1
7	27	1
93	66	1
29	61	1
4	35	1
41	43	1
96	73	1
57	49	1
46	25	1
19	91	1
65	69	1
6	14	1
98	15	1
29	95	1
22	8	1
