***2D Rectangular Problem***
***Instances for the Single Stock Size Cutting Stock Problem (SSSCSP)***
Input parameter file: none_it_is_the_cl_03_100_05_from_CLASS
****************************************************************************************************
Total number of instances 
LargeObject.Length	LargeObject.Width
Number of different item types (i)
Item[i].Length	Item[i].Width	Item[i].Demand
*****************************************************************************************************
1
40	40
98
3	30	1
2	30	1
19	15	1
15	28	1
32	18	1
21	15	1
12	29	1
12	7	1
7	17	1
28	31	1
11	34	1
13	21	1
28	1	1
30	27	1
3	27	1
13	8	1
33	23	1
13	35	1
18	16	1
21	21	1
7	10	1
7	27	1
29	21	1
21	22	2
16	5	1
20	2	1
9	20	1
32	26	1
3	18	1
22	2	1
28	32	1
5	1	1
20	20	1
9	5	1
27	21	1
2	6	1
9	15	1
34	9	1
3	29	1
29	27	1
25	33	1
24	19	1
33	6	1
1	24	1
30	12	1
22	22	1
31	18	1
20	6	1
30	6	1
11	13	1
29	2	1
23	26	1
10	11	1
24	35	1
35	13	1
29	10	1
2	35	1
32	2	1
33	12	1
1	3	1
13	29	1
21	16	1
18	7	1
14	22	1
28	21	1
21	13	1
35	17	1
20	29	1
8	22	1
5	15	1
32	4	1
14	32	1
30	14	1
28	16	1
5	10	1
4	16	1
9	30	1
15	24	1
32	19	1
9	11	1
11	6	1
11	25	1
28	29	1
25	25	1
8	33	2
33	14	1
24	10	1
26	7	1
22	1	1
28	19	1
30	25	1
11	23	1
14	33	1
23	16	1
34	15	1
20	14	1
35	9	1
6	8	1
