***2D Rectangular Problem***
***Instances for the Single Stock Size Cutting Stock Problem (SSSCSP)***
Input parameter file: none_it_is_the_cl_07_060_07_from_CLASS
****************************************************************************************************
Total number of instances 
LargeObject.Length	LargeObject.Width
Number of different item types (i)
Item[i].Length	Item[i].Width	Item[i].Demand
*****************************************************************************************************
1
100	100
60
11	80	1
23	79	1
35	39	1
95	46	1
74	35	1
94	25	1
96	9	1
77	6	1
27	73	1
79	41	1
75	41	1
66	28	1
67	48	1
73	19	1
97	34	1
99	12	1
94	47	1
14	71	1
92	39	1
8	70	1
90	57	1
86	9	1
96	5	1
85	14	1
66	31	1
69	22	1
73	34	1
72	33	1
82	15	1
96	47	1
92	24	1
68	13	1
70	10	1
95	33	1
86	25	1
10	5	1
68	18	1
68	31	1
87	38	1
84	9	1
11	91	1
27	93	1
96	13	1
69	24	1
86	18	1
12	73	1
69	100	1
97	1	1
73	10	1
8	44	1
55	98	1
48	40	1
68	14	1
76	39	1
68	8	1
74	40	1
57	79	1
90	45	1
75	30	1
91	2	1
