***2D Rectangular Problem***
***Instances for the Single Stock Size Cutting Stock Problem (SSSCSP)***
Input parameter file: none_it_is_the_cl_07_060_01_from_CLASS
****************************************************************************************************
Total number of instances 
LargeObject.Length	LargeObject.Width
Number of different item types (i)
Item[i].Length	Item[i].Width	Item[i].Demand
*****************************************************************************************************
1
100	100
59
85	32	1
25	26	1
93	32	1
96	46	1
86	36	1
16	97	1
98	42	1
94	21	1
94	1	1
19	83	1
76	14	1
100	8	1
76	29	1
88	19	1
96	47	1
20	70	1
2	78	1
72	23	1
36	42	1
66	17	1
99	18	1
98	39	1
40	48	1
97	39	1
57	80	1
98	17	1
68	16	1
66	22	1
85	5	1
71	6	1
31	97	1
77	18	1
60	90	1
80	56	1
79	37	2
98	24	1
69	37	1
76	20	1
79	40	1
86	93	1
11	98	1
73	44	1
87	5	1
88	73	1
85	17	1
78	30	1
68	32	1
67	15	1
70	49	1
88	77	1
92	20	1
84	19	1
99	43	1
90	20	1
75	34	1
66	49	1
74	8	1
44	87	1
74	11	1
