***2D Rectangular Problem***
***Instances for the Single Stock Size Cutting Stock Problem (SSSCSP)***
Input parameter file: none_it_is_the_cl_07_080_04_from_CLASS
****************************************************************************************************
Total number of instances 
LargeObject.Length	LargeObject.Width
Number of different item types (i)
Item[i].Length	Item[i].Width	Item[i].Demand
*****************************************************************************************************
1
100	100
80
67	49	1
95	33	1
76	44	1
90	73	1
71	41	1
93	41	1
27	41	1
94	36	1
83	45	1
47	10	1
50	66	1
5	73	1
4	10	1
76	41	1
35	81	1
86	48	1
96	37	1
98	33	1
31	5	1
77	46	1
98	26	1
93	37	1
93	49	1
64	55	1
10	26	1
96	3	1
71	6	1
83	28	1
36	92	1
72	30	1
40	23	1
98	11	1
23	73	1
91	19	1
88	3	1
86	6	1
80	47	1
84	20	1
92	44	1
83	12	1
88	44	1
27	33	1
68	47	1
88	31	1
68	3	1
93	7	1
88	11	1
100	11	1
92	23	1
75	42	1
80	38	1
86	2	1
89	5	1
100	40	1
81	25	1
81	5	1
41	49	1
98	49	1
36	25	1
25	79	1
72	4	1
7	20	1
11	90	1
94	47	1
93	21	1
84	2	1
47	71	1
77	35	1
88	50	1
72	46	1
97	43	1
69	35	1
90	40	1
53	51	1
68	40	1
69	47	1
66	42	1
72	19	1
83	47	1
77	20	1
