***2D Rectangular Problem***
***Instances for the Single Stock Size Cutting Stock Problem (SSSCSP)***
Input parameter file: none_it_is_the_cl_07_060_06_from_CLASS
****************************************************************************************************
Total number of instances 
LargeObject.Length	LargeObject.Width
Number of different item types (i)
Item[i].Length	Item[i].Width	Item[i].Demand
*****************************************************************************************************
1
100	100
60
71	22	1
74	29	1
76	6	1
75	21	1
83	17	1
96	15	1
92	7	1
2	74	1
4	24	1
38	12	1
81	20	1
2	76	1
97	43	1
96	21	1
79	44	1
14	30	1
98	23	1
73	42	1
84	30	1
91	6	1
10	15	1
41	24	1
98	28	1
81	45	1
90	18	1
87	18	1
85	37	1
19	44	1
81	34	1
89	24	1
80	8	1
84	6	1
80	10	1
48	41	1
83	41	1
98	29	1
87	49	1
82	20	1
94	35	1
28	14	1
68	49	1
73	10	1
69	91	1
71	59	1
91	11	1
72	13	1
71	9	1
76	68	1
88	35	1
80	27	1
72	38	1
95	38	1
93	20	1
96	2	1
72	79	1
80	19	1
71	17	1
84	40	1
98	32	1
73	13	1
