***2D Rectangular Problem***
***Instances for the Single Stock Size Cutting Stock Problem (SSSCSP)***
Input parameter file: none_it_is_the_cl_07_100_07_from_CLASS
****************************************************************************************************
Total number of instances 
LargeObject.Length	LargeObject.Width
Number of different item types (i)
Item[i].Length	Item[i].Width	Item[i].Demand
*****************************************************************************************************
1
100	100
100
80	24	1
68	3	1
62	75	1
41	12	1
70	5	1
69	24	1
68	13	1
99	40	1
69	48	1
19	8	1
9	12	1
78	29	1
76	3	1
96	3	1
24	22	1
49	30	1
91	19	1
87	10	1
66	44	1
94	42	1
20	98	1
86	28	1
93	28	1
97	17	1
75	37	1
90	57	1
94	24	1
73	2	1
80	38	1
12	50	1
67	31	1
93	50	1
92	1	1
97	3	1
84	50	1
85	9	1
78	26	1
40	78	1
74	30	1
86	30	1
10	74	1
98	45	1
72	22	1
95	13	1
74	10	1
76	33	1
68	76	1
77	7	1
85	20	1
46	89	1
90	91	1
67	13	1
68	41	1
92	45	1
81	19	1
66	30	1
92	74	1
91	68	1
76	7	1
72	10	1
95	19	1
56	53	1
80	8	1
87	50	1
68	25	1
33	50	1
92	20	1
75	3	1
84	43	1
81	9	1
78	44	1
8	17	1
12	81	1
81	29	1
71	29	1
75	43	1
71	14	1
84	60	1
73	26	1
87	31	1
76	17	1
8	4	1
82	35	1
60	79	1
90	32	1
95	9	1
50	69	1
67	41	1
77	8	1
89	75	1
91	38	1
5	13	1
60	96	1
99	4	1
36	87	1
19	48	1
76	45	1
18	96	1
98	37	1
97	43	1
