***2D Rectangular Problem***
***Instances for the Single Stock Size Cutting Stock Problem (SSSCSP)***
Input parameter file: none_it_is_the_cl_08_060_05_from_CLASS
****************************************************************************************************
Total number of instances 
LargeObject.Length	LargeObject.Width
Number of different item types (i)
Item[i].Length	Item[i].Width	Item[i].Demand
*****************************************************************************************************
1
100	100
59
78	12	1
29	96	1
90	94	1
47	89	1
16	69	1
42	84	1
44	96	1
16	81	1
26	72	1
18	81	2
10	68	1
47	82	1
47	83	1
4	85	1
37	83	1
40	91	1
80	53	1
3	98	1
84	10	1
44	11	1
25	96	1
13	84	1
27	69	1
59	97	1
32	97	1
35	78	1
39	74	1
92	44	1
100	8	1
13	87	1
27	68	1
29	88	1
75	37	1
99	12	1
28	82	1
21	78	1
21	75	1
46	68	1
94	7	1
24	77	1
39	67	1
5	70	1
15	66	1
39	84	1
79	3	1
25	81	1
1	70	1
15	99	1
11	75	1
8	100	1
99	24	1
3	31	1
15	91	1
2	92	1
57	53	1
3	83	1
30	81	1
7	39	1
29	45	1
