***2D Rectangular Problem***
***Instances for the Single Stock Size Cutting Stock Problem (SSSCSP)***
Input parameter file: none_it_is_the_cl_07_080_02_from_CLASS
****************************************************************************************************
Total number of instances 
LargeObject.Length	LargeObject.Width
Number of different item types (i)
Item[i].Length	Item[i].Width	Item[i].Demand
*****************************************************************************************************
1
100	100
79
68	43	1
72	39	2
67	42	1
84	20	1
67	19	1
81	5	1
69	23	1
97	43	1
73	6	1
98	33	1
80	17	1
84	27	1
83	55	1
34	81	1
99	22	1
19	22	1
76	17	1
88	24	1
86	89	1
23	29	1
92	87	1
87	67	1
92	48	1
77	24	1
75	12	1
99	8	1
16	85	1
34	79	1
97	99	1
81	10	1
69	21	1
75	27	1
42	98	1
71	23	1
69	25	1
69	47	1
98	56	1
69	48	1
78	41	1
71	28	1
77	28	1
75	35	1
95	18	1
81	21	1
98	11	1
89	34	1
78	56	1
99	74	1
92	6	1
76	44	1
26	71	1
91	41	1
94	12	1
10	16	1
85	69	1
90	19	1
6	86	1
76	49	1
69	44	1
98	8	1
88	10	1
88	44	1
88	79	1
79	9	1
21	2	1
60	50	1
88	27	1
4	80	1
21	5	1
66	20	1
38	90	1
66	46	1
88	20	1
67	50	1
69	6	1
8	88	1
69	46	1
66	92	1
89	39	1
