***2D Rectangular Problem***
***Instances for the Single Stock Size Cutting Stock Problem (SSSCSP)***
Input parameter file: none_it_is_the_cl_05_100_03_from_CLASS
****************************************************************************************************
Total number of instances 
LargeObject.Length	LargeObject.Width
Number of different item types (i)
Item[i].Length	Item[i].Width	Item[i].Demand
*****************************************************************************************************
1
100	100
99
24	7	1
32	35	1
57	87	1
89	83	1
49	80	1
93	67	1
10	66	1
22	31	1
84	53	1
86	54	1
50	88	1
31	46	1
19	48	1
35	51	1
35	44	1
7	48	1
75	20	1
93	47	1
51	54	1
71	94	1
8	57	1
51	65	1
23	74	1
79	72	1
7	83	1
31	60	1
5	94	1
19	6	2
95	52	1
88	21	1
87	35	1
14	50	1
26	54	1
10	70	1
90	53	1
20	93	1
89	11	1
21	63	1
69	37	1
24	57	1
8	78	1
75	88	1
15	10	1
50	99	1
36	44	1
62	68	1
49	26	1
54	6	1
64	32	1
4	58	1
27	74	1
23	2	1
14	97	1
56	48	1
37	78	1
80	41	1
41	28	1
7	59	1
2	91	1
81	13	1
33	47	1
80	47	1
78	4	1
15	40	1
14	9	1
30	2	1
52	39	1
3	77	1
38	5	1
46	44	1
48	50	1
2	13	1
95	55	1
50	30	1
22	28	1
100	71	1
7	15	1
97	48	1
61	94	1
29	75	1
78	22	1
88	3	1
16	7	1
50	56	1
13	6	1
59	45	1
78	96	1
93	14	1
58	89	1
63	42	1
29	28	1
13	38	1
3	93	1
21	49	1
23	94	1
99	51	1
69	75	1
90	55	1
50	14	1
