***2D Rectangular Problem***
***Instances for the Single Stock Size Cutting Stock Problem (SSSCSP)***
Input parameter file: none_it_is_the_cl_04_080_03_from_CLASS
****************************************************************************************************
Total number of instances 
LargeObject.Length	LargeObject.Width
Number of different item types (i)
Item[i].Length	Item[i].Width	Item[i].Demand
*****************************************************************************************************
1
100	100
76
9	20	1
23	1	1
17	23	1
12	12	1
3	11	1
33	5	1
16	24	1
20	6	1
15	6	1
23	20	1
4	21	1
35	27	1
32	1	1
25	20	1
22	33	1
8	1	1
13	3	1
11	23	1
21	21	2
3	6	1
2	32	1
1	26	2
31	29	1
30	26	1
18	15	1
25	1	1
25	5	1
2	23	1
21	28	1
22	3	1
23	16	1
20	4	1
11	29	1
20	35	2
22	23	1
23	15	1
25	10	1
28	7	1
27	15	1
31	16	1
22	9	1
34	34	1
3	7	1
19	29	1
8	3	1
12	18	1
17	35	1
18	26	1
24	13	1
17	24	1
31	34	1
2	27	1
20	34	1
11	27	1
17	26	1
24	28	1
27	4	1
35	10	1
31	6	1
11	1	1
19	13	1
4	4	1
32	17	1
6	1	1
15	22	1
20	17	1
29	8	1
27	24	1
10	3	1
7	10	1
2	7	1
13	11	1
24	16	1
31	32	1
8	7	2
27	6	1
