***2D Rectangular Problem***
***Instances for the Single Stock Size Cutting Stock Problem (SSSCSP)***
Input parameter file: none_it_is_the_cl_09_060_05_from_CLASS
****************************************************************************************************
Total number of instances 
LargeObject.Length	LargeObject.Width
Number of different item types (i)
Item[i].Length	Item[i].Width	Item[i].Demand
*****************************************************************************************************
1
100	100
60
78	12	1
78	93	1
90	94	1
97	83	1
65	54	1
92	77	1
94	93	1
65	72	1
75	59	1
67	71	1
59	53	1
97	73	1
97	75	1
53	78	1
87	76	1
89	86	1
80	53	1
52	97	1
84	10	1
44	11	1
75	93	1
13	84	1
76	54	1
59	97	1
32	97	1
85	68	1
89	62	1
92	44	1
100	8	1
68	72	1
62	81	1
77	52	1
79	82	1
75	37	1
99	12	1
28	82	1
70	68	1
70	63	1
96	53	1
94	7	1
73	66	1
89	51	1
54	57	1
15	66	1
88	76	1
79	3	1
75	73	1
50	56	1
64	98	1
60	63	1
57	100	1
99	24	1
3	31	1
15	91	1
51	89	1
57	53	1
52	75	1
30	81	1
7	39	1
29	45	1
