***2D Rectangular Problem***
***Instances for the Single Stock Size Cutting Stock Problem (SSSCSP)***
Input parameter file: none_it_is_the_cl_08_080_07_from_CLASS
****************************************************************************************************
Total number of instances 
LargeObject.Length	LargeObject.Width
Number of different item types (i)
Item[i].Length	Item[i].Width	Item[i].Demand
*****************************************************************************************************
1
100	100
80
65	80	1
43	81	1
33	99	1
30	82	1
2	96	1
44	85	1
25	18	1
37	89	1
50	79	1
8	96	1
28	50	1
6	7	1
9	71	1
32	22	1
44	96	1
37	94	1
31	7	1
19	74	1
21	99	1
29	91	1
13	78	1
17	75	1
9	76	1
33	96	1
8	94	1
27	84	1
10	96	1
49	74	1
14	83	1
99	1	1
22	89	1
26	95	1
82	71	1
32	92	1
97	36	1
65	85	1
11	86	1
27	90	1
31	100	1
66	89	1
3	99	1
33	97	1
28	83	1
85	5	1
5	86	1
2	17	1
36	74	1
3	88	1
20	81	1
32	100	1
7	72	1
38	80	1
46	27	1
23	97	1
39	80	1
90	22	1
34	95	1
26	66	1
32	95	1
45	89	1
33	79	1
41	79	1
38	83	1
16	71	1
45	72	1
18	100	1
5	21	1
48	96	1
17	73	1
55	91	1
33	85	1
95	41	1
51	73	1
55	94	1
24	98	1
48	100	1
48	99	1
78	9	1
26	84	1
15	80	1
