***2D Rectangular Problem***
***Instances for the Single Stock Size Cutting Stock Problem (SSSCSP)***
Input parameter file: none_it_is_the_cl_09_060_06_from_CLASS
****************************************************************************************************
Total number of instances 
LargeObject.Length	LargeObject.Width
Number of different item types (i)
Item[i].Length	Item[i].Width	Item[i].Demand
*****************************************************************************************************
1
100	100
59
71	22	1
61	79	1
65	55	1
75	21	1
75	67	1
44	76	1
88	56	1
52	61	1
4	24	1
38	12	1
73	69	2
51	65	1
95	93	1
96	21	1
19	96	1
14	30	1
97	73	1
61	92	1
77	80	1
87	56	1
10	15	1
41	24	1
97	77	1
81	45	1
86	68	1
81	67	1
77	87	1
19	44	1
23	89	1
84	73	1
80	8	1
84	6	1
80	10	1
48	41	1
83	41	1
97	78	1
81	99	1
91	85	1
28	14	1
53	99	1
11	72	1
69	91	1
71	59	1
87	60	1
72	13	1
58	58	1
76	68	1
33	89	1
70	76	1
59	88	1
43	92	1
90	69	1
93	51	1
72	79	1
71	69	1
58	66	1
77	89	1
97	82	1
61	62	1
