***2D Rectangular Problem***
***Instances for the Single Stock Size Cutting Stock Problem (SSSCSP)***
Input parameter file: none_it_is_the_cl_06_060_06_from_CLASS
****************************************************************************************************
Total number of instances 
LargeObject.Length	LargeObject.Width
Number of different item types (i)
Item[i].Length	Item[i].Width	Item[i].Demand
*****************************************************************************************************
1
300	300
60
44	10	1
53	17	1
23	58	1
11	22	1
5	31	1
28	41	1
34	40	1
14	51	1
88	29	1
13	64	1
78	77	1
4	24	1
48	94	1
98	8	1
76	24	1
39	29	1
74	46	1
4	30	1
85	70	1
6	89	1
88	42	1
88	18	1
93	38	1
27	60	1
46	70	1
37	93	1
23	83	1
60	29	1
36	54	1
74	12	1
29	94	1
91	20	1
81	48	1
55	64	1
2	93	1
44	89	1
36	41	1
69	71	1
62	36	1
74	23	1
91	55	1
37	88	1
67	11	1
69	45	1
67	47	1
16	5	1
4	41	1
53	11	1
20	4	1
94	42	1
95	81	1
81	10	1
40	50	1
93	57	1
98	21	1
41	63	1
47	39	1
70	38	1
99	82	1
56	27	1
