***2D Rectangular Problem***
***Instances for the Single Stock Size Cutting Stock Problem (SSSCSP)***
Input parameter file: none_it_is_the_cl_04_100_06_from_CLASS
****************************************************************************************************
Total number of instances 
LargeObject.Length	LargeObject.Width
Number of different item types (i)
Item[i].Length	Item[i].Width	Item[i].Demand
*****************************************************************************************************
1
100	100
99
25	26	1
9	26	1
17	17	1
10	6	1
30	13	1
27	34	1
32	6	1
17	19	1
3	34	1
20	25	1
7	10	1
17	20	1
11	28	1
33	20	1
32	25	1
4	17	1
27	14	1
15	14	1
34	24	1
22	29	1
34	23	1
31	17	1
20	27	1
21	17	1
30	28	1
20	11	1
10	30	1
31	25	1
21	14	1
35	28	1
34	6	1
25	1	1
28	10	1
4	6	1
31	8	1
23	12	1
11	26	1
4	34	1
20	33	1
21	30	1
14	10	2
19	4	1
32	19	1
26	6	1
20	29	1
10	28	1
5	21	1
23	4	1
25	21	1
21	21	1
28	34	1
8	34	1
4	5	1
35	13	1
27	31	1
24	8	1
9	11	1
14	13	1
11	32	1
20	30	1
2	14	1
35	4	1
33	32	1
28	35	1
26	32	1
13	19	1
20	5	1
20	9	1
31	26	1
15	30	1
15	5	1
15	17	1
12	5	1
12	21	1
1	28	1
10	34	1
12	22	1
25	24	1
11	12	1
13	7	1
15	3	1
16	11	1
8	3	1
19	28	1
22	35	1
2	22	1
26	30	1
30	9	1
34	25	1
34	17	1
4	2	1
32	13	1
10	23	1
16	15	1
33	21	1
23	14	1
29	12	1
1	13	1
3	24	1
