***2D Rectangular Problem***
***Instances for the Single Stock Size Cutting Stock Problem (SSSCSP)***
Input parameter file: none_it_is_the_cl_06_060_03_from_CLASS
****************************************************************************************************
Total number of instances 
LargeObject.Length	LargeObject.Width
Number of different item types (i)
Item[i].Length	Item[i].Width	Item[i].Demand
*****************************************************************************************************
1
300	300
60
53	36	1
25	36	1
97	43	1
59	78	1
32	97	1
73	89	1
70	75	1
45	13	1
55	90	1
87	29	1
64	85	1
42	48	1
10	39	1
89	13	1
36	61	1
39	4	1
20	97	1
35	30	1
73	25	1
57	37	1
41	55	1
14	2	1
99	33	1
52	36	1
60	35	1
47	84	1
68	73	1
12	24	1
1	92	1
91	66	1
70	68	1
61	55	1
20	14	1
34	68	1
27	74	1
54	18	1
4	25	1
99	48	1
94	78	1
79	37	1
76	79	1
40	94	1
61	4	1
59	65	1
92	66	1
48	28	1
48	8	1
50	93	1
41	8	1
43	6	1
13	77	1
39	43	1
44	60	1
83	16	1
44	34	1
51	70	1
58	11	1
55	81	1
63	35	1
39	62	1
