***2D Rectangular Problem***
***Instances for the Single Stock Size Cutting Stock Problem (SSSCSP)***
Input parameter file: none_it_is_the_cl_08_080_09_from_CLASS
****************************************************************************************************
Total number of instances 
LargeObject.Length	LargeObject.Width
Number of different item types (i)
Item[i].Length	Item[i].Width	Item[i].Demand
*****************************************************************************************************
1
100	100
80
27	94	1
15	99	1
10	69	1
31	70	1
21	80	1
49	96	1
10	94	1
21	71	1
26	14	1
45	66	1
80	39	1
22	22	1
43	77	1
3	79	1
44	99	1
36	98	1
22	88	1
22	1	1
28	79	1
11	88	1
13	72	1
52	93	1
25	3	1
48	87	1
15	48	1
45	47	1
33	98	1
46	94	1
29	99	1
49	74	1
2	67	1
6	74	1
4	73	1
15	40	1
89	21	1
77	96	1
41	89	1
93	79	1
27	100	1
60	91	1
40	79	1
82	80	1
31	94	1
69	48	1
50	77	1
33	95	1
48	96	1
13	76	1
72	75	1
46	77	1
83	9	1
31	97	1
56	96	1
20	67	1
15	90	1
73	37	1
66	28	1
6	100	1
16	81	1
3	94	1
9	80	1
3	71	1
86	22	1
6	69	1
28	84	1
12	86	1
4	89	1
80	32	1
71	44	1
33	12	1
90	56	1
48	20	1
50	81	1
16	6	1
92	41	1
37	20	1
4	74	1
10	74	1
48	91	1
37	87	1
