***2D Rectangular Problem***
***Instances for the Single Stock Size Cutting Stock Problem (SSSCSP)***
Input parameter file: none_it_is_the_cl_07_100_09_from_CLASS
****************************************************************************************************
Total number of instances 
LargeObject.Length	LargeObject.Width
Number of different item types (i)
Item[i].Length	Item[i].Width	Item[i].Demand
*****************************************************************************************************
1
100	100
98
66	22	1
71	37	1
52	58	1
86	6	2
70	23	1
85	28	1
14	75	1
70	2	1
82	35	1
73	30	1
87	82	1
97	11	1
67	8	1
69	44	1
81	12	1
97	31	1
44	44	1
12	79	1
19	68	1
70	13	1
97	41	1
30	71	1
84	7	1
72	50	1
9	7	1
98	21	1
16	11	1
90	20	1
100	18	1
28	98	1
74	28	1
23	3	1
67	40	1
80	35	1
80	6	1
80	46	1
77	25	1
26	35	1
94	46	1
88	2	1
95	21	1
42	46	1
81	48	1
69	19	1
87	28	1
79	19	1
77	11	1
88	98	1
86	47	1
72	4	1
71	86	1
89	38	1
94	28	1
73	50	1
39	81	1
94	40	1
75	21	1
82	8	1
17	21	1
73	4	1
99	25	1
100	28	1
70	32	1
94	30	1
44	41	1
90	9	1
72	3	1
83	66	1
2	78	1
89	2	1
23	37	1
91	16	1
21	71	1
96	7	1
99	32	2
67	26	1
67	9	1
76	23	1
90	38	1
86	48	1
97	21	1
99	1	1
89	7	1
79	32	1
100	45	1
93	91	1
44	37	1
20	84	1
76	31	1
100	42	1
15	29	1
88	35	1
95	29	1
77	5	1
69	3	1
33	92	1
97	79	1
94	97	1
