***2D Rectangular Problem***
***Instances for the Single Stock Size Cutting Stock Problem (SSSCSP)***
Input parameter file: none_it_is_the_cl_08_080_08_from_CLASS
****************************************************************************************************
Total number of instances 
LargeObject.Length	LargeObject.Width
Number of different item types (i)
Item[i].Length	Item[i].Width	Item[i].Demand
*****************************************************************************************************
1
100	100
80
76	28	1
90	20	1
50	66	1
77	63	1
12	27	1
22	89	1
1	69	1
19	89	1
78	37	1
19	73	1
15	81	1
23	76	1
38	72	1
79	98	1
89	100	1
38	9	1
19	44	1
50	99	1
26	93	1
15	75	1
11	93	1
83	58	1
24	94	1
4	87	1
65	96	1
27	87	1
34	68	1
4	72	1
87	15	1
34	76	1
69	29	1
16	100	1
8	97	1
66	12	1
39	76	1
90	51	1
48	92	1
31	79	1
34	75	1
25	76	1
48	95	1
22	92	1
41	82	1
22	93	1
11	71	1
25	79	1
9	45	1
31	84	1
35	35	1
39	74	1
39	85	1
50	75	1
21	82	1
16	77	1
30	81	1
33	90	1
18	82	1
53	83	1
34	86	1
27	71	1
27	91	1
52	60	1
48	98	1
32	94	1
99	11	1
75	50	1
83	27	1
49	91	1
30	98	1
37	66	1
62	68	1
28	96	1
24	96	1
80	14	1
13	80	1
18	12	1
30	67	1
18	38	1
25	37	1
20	42	1
