***2D Rectangular Problem***
***Instances for the Single Stock Size Cutting Stock Problem (SSSCSP)***
Input parameter file: none_it_is_the_cl_05_060_02_from_CLASS
****************************************************************************************************
Total number of instances 
LargeObject.Length	LargeObject.Width
Number of different item types (i)
Item[i].Length	Item[i].Width	Item[i].Demand
*****************************************************************************************************
1
100	100
60
14	69	1
74	13	1
23	86	1
84	42	1
12	72	1
97	96	1
60	71	1
57	86	1
77	62	1
41	56	1
7	56	1
62	84	1
29	97	1
63	82	1
53	62	1
22	93	1
25	64	1
50	96	1
21	45	1
92	1	1
53	85	1
26	54	1
66	95	1
62	31	1
37	17	1
45	44	1
77	32	1
53	37	1
31	49	1
97	89	1
76	13	1
22	10	1
24	2	1
4	44	1
18	26	1
56	70	1
38	32	1
21	99	1
94	95	1
78	75	1
30	27	1
38	75	1
24	74	1
44	12	1
87	11	1
75	28	1
64	52	1
43	3	1
33	39	1
90	48	1
4	51	1
96	5	1
22	99	1
71	55	1
65	28	1
60	7	1
44	14	1
40	6	1
3	70	1
23	30	1
