***2D Rectangular Problem***
***Instances for the Single Stock Size Cutting Stock Problem (SSSCSP)***
Input parameter file: none_it_is_the_cl_08_060_03_from_CLASS
****************************************************************************************************
Total number of instances 
LargeObject.Length	LargeObject.Width
Number of different item types (i)
Item[i].Length	Item[i].Width	Item[i].Demand
*****************************************************************************************************
1
100	100
60
18	84	1
49	80	1
49	86	1
37	96	1
7	90	1
28	97	1
43	96	1
21	82	1
7	69	1
68	80	1
99	20	1
18	76	1
19	91	1
21	85	1
77	7	1
26	18	1
42	86	1
34	91	1
46	70	1
97	33	1
28	90	1
10	70	1
37	77	1
27	72	1
24	67	1
47	39	1
40	93	1
20	98	1
88	31	1
46	88	1
4	82	1
25	98	1
67	21	1
7	92	1
30	79	1
42	71	1
35	81	1
29	69	1
67	77	1
20	87	1
78	85	1
62	84	1
17	98	1
72	16	1
34	73	1
9	83	1
28	84	1
11	74	1
1	98	1
16	84	1
1	79	1
24	79	1
29	97	1
35	94	1
35	82	1
49	93	1
19	69	1
16	77	1
31	93	1
90	21	1
