***2D Rectangular Problem***
***Instances for the Single Stock Size Cutting Stock Problem (SSSCSP)***
Input parameter file: none_it_is_the_cl_09_080_04_from_CLASS
****************************************************************************************************
Total number of instances 
LargeObject.Length	LargeObject.Width
Number of different item types (i)
Item[i].Length	Item[i].Width	Item[i].Demand
*****************************************************************************************************
1
100	100
80
67	49	1
93	83	1
65	93	1
90	73	1
57	91	1
89	91	1
27	41	1
91	86	1
83	45	1
47	10	1
100	50	1
54	61	1
4	10	1
65	91	1
85	72	1
79	98	1
96	37	1
97	83	1
31	5	1
66	96	1
96	75	1
89	87	1
89	99	1
64	55	1
10	26	1
96	3	1
71	6	1
75	77	1
85	88	1
59	80	1
40	23	1
98	11	1
72	61	1
87	69	1
33	67	1
86	6	1
80	47	1
76	70	1
88	94	1
75	62	1
82	94	1
27	33	1
4	98	1
82	80	1
53	52	1
89	56	1
88	11	1
100	60	1
88	72	1
63	92	1
22	91	1
80	51	1
83	54	1
100	90	1
73	75	1
72	55	1
41	49	1
97	99	1
36	25	1
75	70	1
59	53	1
7	20	1
60	86	1
90	97	1
90	70	1
77	51	1
97	58	1
17	90	1
82	100	1
59	96	1
97	43	1
6	90	1
90	40	1
53	51	1
54	89	1
55	97	1
50	92	1
59	69	1
75	97	1
77	20	1
