***2D Rectangular Problem***
***Instances for the Single Stock Size Cutting Stock Problem (SSSCSP)***
Input parameter file: none_it_is_the_cl_08_080_06_from_CLASS
****************************************************************************************************
Total number of instances 
LargeObject.Length	LargeObject.Width
Number of different item types (i)
Item[i].Length	Item[i].Width	Item[i].Demand
*****************************************************************************************************
1
100	100
79
45	14	1
33	81	1
21	100	1
4	16	1
50	75	1
3	74	1
32	69	1
86	12	1
16	83	1
90	14	1
4	81	1
18	78	1
45	99	1
28	84	1
38	1	1
77	38	1
34	88	1
34	67	1
34	94	1
28	19	1
85	78	1
50	92	1
41	96	1
66	12	1
49	91	1
29	91	1
10	70	1
35	76	1
73	55	1
69	97	1
40	88	1
81	81	1
10	91	1
21	79	1
88	20	1
39	72	1
57	80	1
35	67	1
37	78	1
8	99	1
18	90	2
10	98	1
2	86	1
39	49	1
39	66	1
97	53	1
79	51	1
32	74	1
23	29	1
45	81	1
36	91	1
17	79	1
5	67	1
68	80	1
67	22	1
24	79	1
27	96	1
31	92	1
30	79	1
42	89	1
11	99	1
54	56	1
19	85	1
22	71	1
6	74	1
41	91	1
20	100	1
13	44	1
13	40	1
38	86	1
33	88	1
16	95	1
31	28	1
47	88	1
7	84	1
31	67	1
11	85	1
18	99	1
43	88	1
