***2D Rectangular Problem***
***Instances for the Single Stock Size Cutting Stock Problem (SSSCSP)***
Input parameter file: none_it_is_the_cl_08_100_03_from_CLASS
****************************************************************************************************
Total number of instances 
LargeObject.Length	LargeObject.Width
Number of different item types (i)
Item[i].Length	Item[i].Width	Item[i].Demand
*****************************************************************************************************
1
100	100
99
78	12	1
29	96	1
90	94	1
47	89	1
16	69	1
42	84	1
44	96	1
16	81	1
26	72	1
18	81	2
10	68	1
47	82	1
47	83	1
4	85	1
37	83	1
40	91	1
80	53	1
3	98	1
84	10	1
44	11	1
25	96	1
13	84	1
27	69	1
59	97	1
32	97	1
35	78	1
39	74	1
92	44	1
100	8	1
13	87	1
27	68	1
29	88	1
75	37	1
99	12	1
28	82	1
21	78	1
21	75	1
46	68	1
94	7	1
24	77	1
39	67	1
5	70	1
15	66	1
39	84	1
79	3	1
25	81	1
1	70	1
15	99	1
11	75	1
8	100	1
99	24	1
3	31	1
15	91	1
2	92	1
57	53	1
3	83	1
30	81	1
7	39	1
29	45	1
14	87	1
7	79	1
25	2	1
12	98	1
38	100	1
45	85	1
4	83	1
6	73	1
72	79	1
45	99	1
44	73	1
12	91	1
19	80	1
7	86	1
46	71	1
30	82	1
27	82	1
31	81	1
10	77	1
9	82	1
47	92	1
16	85	1
36	91	1
50	90	1
28	75	1
13	96	1
23	79	1
3	70	1
21	2	1
21	23	1
22	74	1
17	94	1
26	67	1
94	13	1
33	78	1
93	87	1
42	74	1
23	76	1
5	90	1
31	97	1
