***2D Rectangular Problem***
***Instances for the Single Stock Size Cutting Stock Problem (SSSCSP)***
Input parameter file: none_it_is_the_cl_07_100_05_from_CLASS
****************************************************************************************************
Total number of instances 
LargeObject.Length	LargeObject.Width
Number of different item types (i)
Item[i].Length	Item[i].Width	Item[i].Demand
*****************************************************************************************************
1
100	100
99
93	53	1
84	22	2
25	80	1
30	22	1
59	66	1
72	24	1
98	89	1
78	30	1
92	40	1
53	88	1
88	19	1
18	50	1
86	26	1
72	14	1
29	72	1
80	81	1
87	23	1
85	2	1
91	13	1
4	25	1
97	32	1
7	66	1
70	28	1
92	30	1
80	2	1
99	12	1
88	53	1
86	97	1
71	34	1
1	35	1
87	42	1
96	25	1
71	28	1
65	68	1
91	42	1
75	15	1
18	33	1
42	15	1
3	3	1
96	66	1
94	1	1
86	22	1
87	26	1
93	30	1
82	29	1
29	41	1
80	11	1
97	5	1
20	20	1
89	72	1
81	7	1
74	42	1
12	15	1
90	15	1
93	41	1
98	36	1
98	19	1
72	35	1
31	66	1
27	11	1
43	90	1
98	16	1
88	22	1
79	48	1
100	13	1
96	9	1
97	6	1
81	47	1
79	2	1
68	13	1
80	1	1
92	8	1
50	52	1
83	30	1
8	70	1
76	30	1
96	15	1
71	8	1
70	26	1
69	14	1
99	39	1
4	47	1
77	6	1
69	9	1
14	25	1
72	49	1
92	48	1
78	16	1
94	23	1
85	12	1
81	1	1
94	35	1
87	32	1
57	86	1
77	16	1
84	15	1
87	3	1
100	23	1
74	93	1
