***2D Rectangular Problem***
***Instances for the Single Stock Size Cutting Stock Problem (SSSCSP)***
Input parameter file: none_it_is_the_cl_03_080_05_from_CLASS
****************************************************************************************************
Total number of instances 
LargeObject.Length	LargeObject.Width
Number of different item types (i)
Item[i].Length	Item[i].Width	Item[i].Demand
*****************************************************************************************************
1
40	40
77
25	20	1
31	12	1
13	18	1
3	11	1
9	10	1
16	11	1
18	21	1
25	27	1
20	22	1
35	16	1
8	28	1
27	18	1
19	31	1
28	14	2
1	34	1
6	30	1
14	19	1
12	35	1
29	13	1
3	9	1
25	19	1
19	16	1
29	19	1
5	24	2
11	4	1
22	13	2
6	11	1
17	27	1
6	21	1
2	2	1
14	25	1
27	14	1
1	14	1
13	7	1
15	27	1
1	9	1
15	10	1
3	25	1
18	31	1
32	5	1
8	24	1
23	3	1
26	7	1
15	9	1
30	29	1
23	27	1
23	13	1
5	4	1
21	33	1
34	1	1
16	34	1
21	22	1
12	9	1
29	14	1
24	32	1
26	2	1
10	13	1
28	26	1
8	14	1
27	31	1
35	4	1
27	10	1
12	34	1
8	2	1
13	27	1
33	22	1
19	20	1
1	27	1
22	29	1
31	22	1
26	12	1
12	21	1
11	8	1
18	17	1
5	32	1
12	7	1
35	28	1
