***2D Rectangular Problem***
***Instances for the Single Stock Size Cutting Stock Problem (SSSCSP)***
Input parameter file: none_it_is_the_cl_08_100_07_from_CLASS
****************************************************************************************************
Total number of instances 
LargeObject.Length	LargeObject.Width
Number of different item types (i)
Item[i].Length	Item[i].Width	Item[i].Demand
*****************************************************************************************************
1
100	100
97
21	82	1
4	67	1
62	75	1
41	12	1
70	5	1
69	24	1
5	74	1
48	93	1
5	99	1
19	8	1
9	12	1
18	85	1
15	67	1
96	3	1
24	22	1
49	30	1
36	79	1
31	72	1
66	44	1
41	95	1
20	98	1
86	28	1
40	85	1
46	77	1
14	91	1
90	57	1
41	82	1
73	2	1
80	38	1
12	50	1
67	31	1
39	100	1
92	1	1
45	67	1
27	100	1
29	72	1
19	83	1
40	78	1
13	86	1
30	86	1
10	74	1
47	97	1
72	22	1
43	74	1
13	72	1
16	88	1
68	76	1
17	70	1
28	79	1
46	89	1
90	91	1
3	74	1
4	94	1
38	97	1
22	78	1
1	86	1
92	74	1
91	68	1
16	70	1
72	10	1
42	78	1
56	53	1
22	71	2
31	100	1
4	83	1
33	50	1
39	79	1
14	67	1
27	95	1
18	96	2
8	17	1
12	81	1
81	29	1
71	29	1
14	95	1
8	75	1
84	60	1
11	84	1
32	87	1
16	77	1
8	4	1
25	90	1
60	79	1
36	87	2
43	71	1
50	69	1
2	94	1
17	71	1
89	75	1
37	92	1
5	13	1
60	96	1
48	68	1
19	48	1
15	97	1
47	91	1
97	43	1
