***2D Rectangular Problem***
***Instances for the Single Stock Size Cutting Stock Problem (SSSCSP)***
Input parameter file: none_it_is_the_cl_07_100_10_from_CLASS
****************************************************************************************************
Total number of instances 
LargeObject.Length	LargeObject.Width
Number of different item types (i)
Item[i].Length	Item[i].Width	Item[i].Demand
*****************************************************************************************************
1
100	100
99
12	96	1
97	5	1
73	41	1
85	47	1
39	42	1
75	18	1
95	95	1
67	16	1
85	1	1
96	42	1
93	10	1
92	47	1
86	22	1
85	78	1
98	36	1
90	39	1
92	53	1
92	27	1
76	25	1
96	43	1
17	48	1
67	36	1
97	25	1
75	8	1
67	4	1
86	8	1
87	86	1
98	35	1
50	22	1
77	41	1
94	10	1
91	73	1
10	66	1
77	35	1
70	45	2
98	24	1
31	95	1
85	42	1
88	42	1
75	37	1
75	45	1
66	10	1
80	50	1
43	72	1
71	9	1
36	39	1
81	20	1
88	46	1
75	35	1
88	30	1
89	2	1
85	93	1
87	22	1
94	33	1
49	66	1
73	21	1
73	48	1
43	50	1
25	22	1
2	32	1
95	24	1
93	17	1
74	4	1
68	5	1
90	12	1
99	46	1
60	98	1
79	39	1
40	74	1
78	36	1
22	68	1
45	90	1
7	81	1
100	37	1
94	70	1
88	43	1
35	46	1
96	1	1
85	50	1
32	73	1
82	31	1
99	75	1
82	40	1
95	43	1
83	27	1
65	62	1
87	42	1
76	35	1
89	85	1
96	11	1
100	6	1
50	39	1
75	5	1
89	21	1
87	31	1
98	5	1
100	36	1
90	43	1
81	19	1
