***2D Rectangular Problem***
***Instances for the Single Stock Size Cutting Stock Problem (SSSCSP)***
Input parameter file: none_it_is_the_cl_05_100_07_from_CLASS
****************************************************************************************************
Total number of instances 
LargeObject.Length	LargeObject.Width
Number of different item types (i)
Item[i].Length	Item[i].Width	Item[i].Demand
*****************************************************************************************************
1
100	100
99
48	66	1
35	41	1
7	5	1
51	81	1
91	24	1
81	24	1
10	2	1
2	14	1
11	48	1
25	28	1
69	9	1
96	79	1
96	61	1
92	10	1
38	15	1
23	99	2
70	17	1
35	57	1
6	43	1
5	29	1
88	5	1
44	93	1
95	48	1
97	59	1
38	49	1
41	72	1
62	19	1
88	10	1
43	3	1
82	84	1
94	78	1
1	39	1
59	56	1
56	51	1
15	80	1
91	33	1
73	30	1
84	28	1
79	16	1
47	15	1
10	82	1
23	4	1
76	6	1
91	41	1
61	2	1
28	6	1
78	100	1
2	5	1
21	77	1
90	6	1
99	13	1
69	54	1
57	18	1
51	27	1
74	37	1
80	36	1
60	47	1
34	25	1
59	60	1
24	73	1
50	20	1
94	89	1
44	4	1
22	20	1
85	25	1
20	42	1
50	26	1
31	66	1
52	85	1
34	38	1
33	13	1
39	34	1
73	55	1
91	66	1
82	89	1
69	79	1
5	25	1
82	50	1
20	8	1
75	90	1
37	16	1
27	43	1
1	60	1
48	89	1
90	85	1
82	37	1
14	67	1
8	31	1
19	19	1
37	51	1
83	84	1
13	7	1
15	41	1
13	43	1
62	100	1
50	37	1
99	7	1
66	100	1
40	38	1
