***2D Rectangular Problem***
***Instances for the Single Stock Size Cutting Stock Problem (SSSCSP)***
Input parameter file: none_it_is_the_cl_07_060_03_from_CLASS
****************************************************************************************************
Total number of instances 
LargeObject.Length	LargeObject.Width
Number of different item types (i)
Item[i].Length	Item[i].Width	Item[i].Demand
*****************************************************************************************************
1
100	100
60
78	27	1
99	22	1
49	86	1
91	45	1
7	90	1
84	45	1
95	44	1
80	24	1
70	5	1
68	80	1
99	20	1
78	15	1
78	37	1
80	28	1
77	7	1
26	18	1
95	30	1
89	37	1
97	6	1
97	33	1
84	35	1
72	7	1
91	17	1
84	9	1
82	2	1
47	39	1
93	40	1
20	98	1
88	31	1
98	33	1
68	24	1
83	47	1
67	21	1
70	39	1
86	20	1
94	8	1
90	22	1
86	6	1
67	77	1
79	31	1
78	85	1
62	84	1
77	47	1
72	16	1
89	11	1
71	25	1
85	28	1
11	74	1
66	47	1
76	27	1
66	20	1
82	20	1
29	97	1
90	41	1
90	24	1
49	93	1
79	6	1
76	16	1
87	40	1
90	21	1
