***2D Rectangular Problem***
***Instances for the Single Stock Size Cutting Stock Problem (SSSCSP)***
Input parameter file: none_it_is_the_cl_08_100_04_from_CLASS
****************************************************************************************************
Total number of instances 
LargeObject.Length	LargeObject.Width
Number of different item types (i)
Item[i].Length	Item[i].Width	Item[i].Demand
*****************************************************************************************************
1
100	100
97
17	90	1
68	76	1
14	68	2
22	76	1
38	83	1
29	87	1
40	100	1
39	83	1
69	77	1
1	99	1
77	57	1
17	100	1
13	94	1
90	27	1
27	84	1
56	83	1
78	16	1
31	78	2
38	71	1
8	86	1
90	3	1
38	79	1
10	66	1
21	92	1
14	66	1
7	89	1
45	68	1
46	70	1
4	73	1
38	72	1
41	80	1
82	89	1
6	88	1
30	98	1
99	48	1
30	87	1
19	77	1
83	95	1
78	37	1
40	91	1
44	73	1
49	69	1
49	92	1
12	67	1
27	28	1
42	66	1
45	87	1
30	91	1
16	73	1
46	83	1
39	79	1
40	77	1
16	7	1
12	73	1
96	71	1
12	71	1
78	64	1
40	71	1
63	84	1
45	73	1
2	33	1
85	18	1
44	72	2
94	27	1
38	75	1
30	92	1
35	97	1
97	52	1
85	55	1
43	80	1
38	96	1
65	92	1
17	76	1
3	67	1
97	42	1
15	83	1
67	21	1
30	82	1
38	68	1
47	2	1
1	92	1
18	70	1
41	84	1
41	94	1
10	78	1
17	67	1
7	74	1
47	94	1
31	71	1
29	71	1
34	71	1
14	73	1
2	84	1
22	77	1
43	84	1
8	83	1
37	69	1
