***2D Rectangular Problem***
***Instances for the Single Stock Size Cutting Stock Problem (SSSCSP)***
Input parameter file: none_it_is_the_cl_08_060_10_from_CLASS
****************************************************************************************************
Total number of instances 
LargeObject.Length	LargeObject.Width
Number of different item types (i)
Item[i].Length	Item[i].Width	Item[i].Demand
*****************************************************************************************************
1
100	100
60
38	90	1
24	82	1
18	75	1
88	98	1
27	97	1
4	99	1
14	85	1
24	85	1
28	76	1
46	35	1
20	69	1
21	79	1
41	99	1
49	88	1
39	96	1
30	82	1
15	95	1
14	95	1
19	96	1
50	93	1
1	99	1
40	75	1
11	69	1
82	66	1
49	76	1
85	47	1
64	79	1
27	69	1
8	97	1
28	94	1
30	75	1
32	69	1
29	90	1
39	99	1
7	11	1
100	18	1
61	88	1
12	76	1
45	79	1
28	95	1
6	67	1
47	46	1
45	39	1
19	84	1
12	85	1
44	91	1
56	70	1
21	82	1
30	77	1
2	93	1
31	14	1
35	89	1
9	76	1
22	68	1
16	79	1
11	68	1
50	84	1
3	87	1
62	86	1
98	86	1
