***2D Rectangular Problem***
***Instances for the Single Stock Size Cutting Stock Problem (SSSCSP)***
Input parameter file: none_it_is_the_cl_09_100_05_from_CLASS
****************************************************************************************************
Total number of instances 
LargeObject.Length	LargeObject.Width
Number of different item types (i)
Item[i].Length	Item[i].Width	Item[i].Demand
*****************************************************************************************************
1
100	100
99
93	53	1
84	22	1
74	71	1
30	22	1
59	66	1
59	74	1
98	89	1
68	80	1
92	40	1
53	88	1
83	68	1
18	50	1
79	75	1
60	64	1
79	59	1
80	81	1
32	81	1
78	51	1
87	62	1
4	25	1
97	32	1
57	50	1
56	77	1
89	80	1
21	67	1
98	61	1
88	53	1
86	97	1
58	84	1
1	35	1
81	92	1
94	75	1
8	85	1
65	68	1
91	42	1
64	65	1
18	33	1
42	15	1
3	3	1
96	66	1
94	1	1
79	72	1
31	83	1
90	80	1
74	79	1
29	41	1
70	60	1
45	69	1
20	20	1
89	72	1
72	56	1
74	42	1
77	71	1
12	15	1
35	76	1
90	90	1
96	85	1
97	69	1
59	84	1
80	50	1
27	11	1
92	85	2
97	65	1
82	72	1
69	98	1
100	62	1
95	58	1
96	55	1
23	98	1
69	51	1
68	13	1
71	50	1
92	8	1
50	52	1
26	86	1
57	57	1
65	79	1
93	65	1
58	57	1
56	75	1
54	63	1
99	39	1
4	47	1
66	55	1
55	58	1
14	25	1
59	99	1
88	98	1
18	76	1
41	81	1
78	61	1
72	50	1
80	82	1
57	86	1
17	76	1
77	65	1
82	52	1
100	72	1
74	93	1
