***2D Rectangular Problem***
***Instances for the Single Stock Size Cutting Stock Problem (SSSCSP)***
Input parameter file: none_it_is_the_cl_09_060_08_from_CLASS
****************************************************************************************************
Total number of instances 
LargeObject.Length	LargeObject.Width
Number of different item types (i)
Item[i].Length	Item[i].Width	Item[i].Demand
*****************************************************************************************************
1
100	100
60
45	14	1
82	71	1
71	100	1
4	16	1
100	63	1
52	61	1
81	54	1
86	12	1
66	74	1
90	14	1
53	72	1
67	68	1
94	98	1
78	77	1
38	1	1
77	38	1
84	82	1
83	51	1
83	91	1
28	19	1
85	78	1
50	92	1
91	94	1
66	12	1
99	86	1
79	87	1
59	57	1
85	65	1
73	55	1
69	97	1
90	83	1
81	81	1
59	87	1
70	69	1
88	20	1
89	59	1
57	80	1
84	52	1
86	68	1
57	99	1
67	85	1
59	98	1
51	79	1
39	49	1
89	51	1
97	53	1
79	51	1
82	61	1
23	29	1
95	72	1
68	85	1
36	91	1
67	69	1
54	52	1
68	80	1
67	22	1
73	70	1
77	94	1
81	88	1
80	69	1
