***2D Rectangular Problem***
***Instances for the Single Stock Size Cutting Stock Problem (SSSCSP)***
Input parameter file: none_it_is_the_cl_07_080_07_from_CLASS
****************************************************************************************************
Total number of instances 
LargeObject.Length	LargeObject.Width
Number of different item types (i)
Item[i].Length	Item[i].Width	Item[i].Demand
*****************************************************************************************************
1
100	100
80
65	80	1
95	23	1
88	48	1
86	24	1
67	44	1
96	28	1
25	18	1
91	35	1
100	20	1
70	44	1
28	50	1
6	7	1
72	8	1
32	22	1
96	44	1
91	41	1
31	7	1
78	12	1
21	99	1
86	36	1
75	18	1
77	14	1
72	16	1
88	44	1
71	41	1
84	27	1
72	44	1
99	13	1
75	25	1
99	1	1
80	35	1
84	43	1
82	71	1
32	92	1
97	36	1
65	85	1
73	29	1
84	36	1
31	100	1
66	89	1
67	49	1
89	46	1
84	25	1
85	5	1
69	30	1
2	17	1
36	74	1
67	32	1
79	22	1
87	50	1
70	10	1
92	21	1
46	27	1
81	45	1
39	80	1
90	22	1
89	43	1
84	2	1
88	43	1
97	34	1
89	20	1
94	20	1
91	26	1
76	8	1
45	72	1
78	49	1
5	21	1
99	44	1
77	11	1
55	91	1
88	28	1
95	41	1
51	73	1
55	94	1
82	47	1
99	50	1
48	99	1
78	9	1
83	27	1
76	21	1
