***2D Rectangular Problem***
***Instances for the Single Stock Size Cutting Stock Problem (SSSCSP)***
Input parameter file: none_it_is_the_cl_09_100_01_from_CLASS
****************************************************************************************************
Total number of instances 
LargeObject.Length	LargeObject.Width
Number of different item types (i)
Item[i].Length	Item[i].Width	Item[i].Demand
*****************************************************************************************************
1
100	100
100
96	98	1
8	78	1
9	46	1
91	99	1
74	71	1
52	82	1
93	75	1
91	68	1
15	7	1
58	58	1
90	66	1
4	66	1
67	53	1
76	96	1
98	69	1
77	94	1
81	62	1
55	95	1
67	84	1
61	99	1
56	83	1
98	6	1
99	60	1
9	76	1
96	16	1
99	78	1
92	99	1
67	94	1
93	59	1
63	62	1
98	48	1
38	34	1
53	64	1
90	58	1
75	10	1
20	90	1
76	82	1
27	77	1
92	82	1
62	99	1
10	11	1
76	85	1
81	67	1
68	74	1
55	50	1
88	66	1
83	63	1
85	60	1
62	53	1
60	58	1
96	71	1
63	59	1
82	67	1
97	13	1
70	91	1
68	20	1
62	93	1
91	79	1
57	72	1
55	91	1
5	30	1
99	56	1
55	65	1
69	74	1
58	78	1
67	96	1
76	20	1
94	69	1
74	89	1
99	97	1
37	91	1
87	27	1
51	61	1
42	72	1
69	64	1
79	95	1
41	97	1
96	83	1
15	4	1
90	75	1
91	90	1
61	69	1
70	54	1
61	66	1
53	98	1
40	17	1
89	68	1
95	70	1
77	66	1
79	76	1
19	43	1
90	85	1
13	98	1
86	47	1
60	79	1
48	73	1
60	89	1
93	79	1
75	27	1
16	100	1
