***2D Rectangular Problem***
***Instances for the Single Stock Size Cutting Stock Problem (SSSCSP)***
Input parameter file: none_it_is_the_cl_08_100_02_from_CLASS
****************************************************************************************************
Total number of instances 
LargeObject.Length	LargeObject.Width
Number of different item types (i)
Item[i].Length	Item[i].Width	Item[i].Demand
*****************************************************************************************************
1
100	100
100
25	39	1
15	69	1
37	48	1
9	72	1
26	72	1
6	42	1
44	82	1
7	67	1
39	95	1
10	93	1
12	74	1
16	69	1
13	91	1
24	100	1
42	13	1
36	80	1
49	43	1
1	80	1
34	83	1
18	99	1
47	72	1
39	68	1
38	99	1
12	37	1
6	93	1
39	99	1
67	33	1
18	91	1
27	86	1
50	68	1
30	86	1
35	100	1
10	88	1
23	81	1
18	92	1
63	73	1
4	98	1
71	2	1
19	71	1
5	71	1
10	23	1
4	96	1
30	93	1
7	6	1
28	10	1
13	98	1
4	89	1
70	64	1
8	72	1
32	73	1
39	92	1
98	35	1
49	80	1
14	91	1
36	69	1
34	77	1
1	95	1
7	83	1
44	34	1
33	11	1
16	84	1
61	75	1
15	24	1
93	66	1
42	81	1
78	86	1
47	83	1
65	84	1
29	87	1
69	9	1
40	92	1
50	74	1
29	100	1
46	96	1
45	75	1
45	67	1
40	87	1
47	93	1
12	66	1
3	69	1
12	82	1
11	48	1
41	99	1
21	79	1
47	84	1
35	78	1
87	9	1
2	96	1
43	96	1
22	100	1
33	87	1
44	87	1
100	70	1
79	42	1
46	75	1
48	31	1
20	10	1
79	97	1
21	72	1
63	91	1
