***2D Rectangular Problem***
***Instances for the Single Stock Size Cutting Stock Problem (SSSCSP)***
Input parameter file: none_it_is_the_cl_04_080_06_from_CLASS
****************************************************************************************************
Total number of instances 
LargeObject.Length	LargeObject.Width
Number of different item types (i)
Item[i].Length	Item[i].Width	Item[i].Demand
*****************************************************************************************************
1
100	100
76
10	33	1
25	32	1
23	16	1
35	27	2
33	15	1
3	11	1
10	23	1
26	35	1
2	9	1
4	21	1
4	22	1
21	8	1
18	21	1
1	12	1
25	10	1
16	24	1
17	3	1
13	13	1
34	28	1
18	31	1
20	19	1
1	35	1
3	27	1
12	27	1
23	8	1
9	24	1
24	2	2
29	18	1
33	24	1
20	14	1
20	31	1
7	25	1
31	10	1
1	29	2
1	8	1
26	27	1
14	34	1
20	26	1
5	11	1
12	7	1
25	11	1
5	31	1
29	17	1
14	33	1
23	19	1
31	28	2
22	22	1
26	9	1
18	7	1
15	14	1
14	1	1
24	23	1
27	7	1
22	30	1
14	6	1
13	25	1
24	26	1
6	34	1
25	23	1
19	13	1
7	33	1
21	23	1
33	2	1
28	35	1
1	25	1
33	3	1
15	21	1
22	9	1
21	35	1
17	16	1
32	16	1
25	9	1
5	13	1
26	26	1
14	19	1
12	12	1
