***2D Rectangular Problem***
***Instances for the Single Stock Size Cutting Stock Problem (SSSCSP)***
Input parameter file: none_it_is_the_cl_06_100_09_from_CLASS
****************************************************************************************************
Total number of instances 
LargeObject.Length	LargeObject.Width
Number of different item types (i)
Item[i].Length	Item[i].Width	Item[i].Demand
*****************************************************************************************************
1
300	300
100
44	55	1
21	2	1
15	73	1
16	89	1
45	5	1
59	11	1
45	29	1
26	14	1
58	55	1
29	74	1
62	28	1
12	4	1
69	26	1
54	48	1
23	60	1
65	83	1
2	74	1
89	21	1
16	47	1
5	6	1
12	88	1
24	16	1
65	44	1
90	61	1
87	91	1
80	87	1
24	40	1
7	71	1
51	37	1
13	25	1
82	58	1
78	92	1
59	15	1
13	50	1
61	53	1
60	11	1
99	49	1
100	20	1
18	14	1
42	53	1
94	92	1
31	22	1
40	63	1
45	71	1
100	35	1
94	78	1
51	55	1
25	55	1
5	100	1
13	45	1
5	80	1
70	27	1
31	41	1
42	12	1
92	61	1
4	43	1
34	49	1
70	100	1
34	51	1
82	92	1
3	45	1
19	65	1
86	41	1
92	95	1
60	84	1
46	95	1
37	52	1
57	9	1
61	56	1
38	14	1
10	40	1
33	22	1
95	83	1
19	77	1
60	94	1
8	57	1
83	20	1
43	72	1
76	37	1
4	68	1
82	56	1
100	22	1
80	23	1
77	46	1
80	14	1
12	83	1
28	41	1
16	11	1
100	49	1
34	42	1
8	15	1
43	21	1
96	50	1
55	24	1
43	98	1
14	63	1
59	39	1
98	82	1
88	81	1
18	59	1
