***2D Rectangular Problem***
***Instances for the Single Stock Size Cutting Stock Problem (SSSCSP)***
Input parameter file: none_it_is_the_cl_03_080_10_from_CLASS
****************************************************************************************************
Total number of instances 
LargeObject.Length	LargeObject.Width
Number of different item types (i)
Item[i].Length	Item[i].Width	Item[i].Demand
*****************************************************************************************************
1
40	40
79
27	17	1
25	25	1
24	1	1
18	21	1
17	1	1
5	6	1
12	10	1
11	31	1
23	31	1
7	18	1
8	11	1
8	6	1
5	11	1
6	10	1
30	35	1
5	23	1
6	29	1
20	14	1
6	20	1
8	33	1
11	12	1
10	2	2
13	20	1
4	30	1
16	3	1
19	28	1
35	32	1
23	23	1
28	20	1
32	19	1
33	28	1
3	32	1
32	26	1
10	18	1
16	28	1
33	17	1
24	27	1
30	8	1
2	27	1
5	21	1
12	9	1
7	22	1
23	34	1
30	28	1
15	2	1
8	32	1
16	33	1
25	1	1
30	14	1
4	22	1
1	20	1
19	16	1
29	30	1
15	23	1
20	23	1
31	11	1
3	8	1
14	35	1
14	18	1
33	34	1
10	32	1
34	10	1
30	9	1
8	14	1
21	21	1
30	3	1
8	15	1
10	17	1
31	17	1
10	1	1
1	33	1
34	16	1
14	6	1
29	33	1
5	34	1
20	30	1
24	17	1
12	2	1
28	5	1
