***2D Rectangular Problem***
***Instances for the Single Stock Size Cutting Stock Problem (SSSCSP)***
Input parameter file: none_it_is_the_cl_07_080_01_from_CLASS
****************************************************************************************************
Total number of instances 
LargeObject.Length	LargeObject.Width
Number of different item types (i)
Item[i].Length	Item[i].Width	Item[i].Demand
*****************************************************************************************************
1
100	100
77
73	20	1
84	31	2
77	37	1
78	55	1
71	33	1
93	4	1
76	13	1
54	53	1
2	98	1
82	33	1
65	82	1
97	39	1
70	21	1
79	23	2
26	74	1
47	35	1
82	8	1
76	75	1
99	55	1
59	93	1
67	6	1
95	89	1
89	10	1
34	13	1
95	17	1
83	15	1
86	26	1
80	44	1
44	92	1
78	2	1
91	3	1
68	87	1
71	22	1
81	1	1
70	43	1
29	94	1
83	66	1
92	11	1
37	96	1
50	71	1
76	33	1
86	6	1
88	36	1
18	94	1
4	77	1
35	30	1
85	26	1
85	22	1
69	12	1
50	66	1
89	27	1
100	14	1
77	20	1
85	14	1
67	40	1
34	17	1
94	38	1
77	23	1
88	15	2
86	32	1
27	78	1
78	44	1
24	1	1
90	9	1
82	11	1
31	26	1
84	49	1
68	47	1
69	21	1
94	9	1
89	47	1
68	30	1
94	27	1
18	86	1
27	9	1
90	7	1
93	44	1
