***2D Rectangular Problem***
***Instances for the Single Stock Size Cutting Stock Problem (SSSCSP)***
Input parameter file: none_it_is_the_cl_09_060_07_from_CLASS
****************************************************************************************************
Total number of instances 
LargeObject.Length	LargeObject.Width
Number of different item types (i)
Item[i].Length	Item[i].Width	Item[i].Demand
*****************************************************************************************************
1
100	100
58
60	70	1
72	70	1
35	39	1
92	96	1
13	90	1
90	74	1
94	58	1
77	6	1
77	60	1
70	91	1
75	41	1
66	28	1
52	98	1
61	68	1
97	34	1
99	61	1
91	97	1
64	57	1
39	92	1
57	57	1
90	57	1
79	59	1
94	54	1
78	64	1
50	80	1
5	81	1
60	83	2
23	75	1
93	97	1
92	24	1
53	63	2
70	10	1
93	83	1
29	83	1
10	5	1
53	67	1
68	31	1
80	88	1
76	58	1
60	87	1
77	90	1
96	13	1
55	74	1
80	67	1
61	61	1
69	100	1
96	50	1
60	59	1
8	44	1
55	98	1
48	40	1
66	89	1
4	71	1
61	90	1
57	79	1
36	97	1
64	79	1
87	51	1
