***2D Rectangular Problem***
***Instances for the Single Stock Size Cutting Stock Problem (SSSCSP)***
Input parameter file: none_it_is_the_cl_08_100_09_from_CLASS
****************************************************************************************************
Total number of instances 
LargeObject.Length	LargeObject.Width
Number of different item types (i)
Item[i].Length	Item[i].Width	Item[i].Demand
*****************************************************************************************************
1
100	100
99
1	81	1
8	91	1
52	58	1
30	69	2
7	81	1
29	84	1
14	75	1
6	67	1
24	89	1
12	86	1
87	82	1
97	11	1
3	71	1
69	44	1
22	74	1
45	87	1
44	44	1
12	79	1
19	68	1
7	74	1
46	94	1
30	71	1
27	70	1
10	100	1
9	7	1
46	80	1
16	11	1
36	79	1
50	78	1
28	98	1
13	85	1
23	3	1
3	93	1
21	90	1
21	69	1
22	98	1
77	25	1
26	35	1
41	97	1
33	66	1
43	80	1
42	46	1
23	99	1
5	78	1
31	85	1
20	79	1
77	11	1
88	98	1
30	98	1
10	68	1
71	86	1
34	92	1
94	28	1
12	100	1
39	81	1
42	93	1
14	80	1
25	71	1
17	21	1
11	68	1
48	83	1
49	85	1
7	87	1
41	86	1
44	41	1
36	72	1
72	3	1
83	66	1
2	78	1
34	67	1
23	37	1
37	76	1
21	71	1
96	7	1
48	87	1
3	83	1
67	9	1
76	23	1
35	92	1
30	99	1
45	80	1
48	66	1
89	7	1
79	32	1
50	97	1
93	91	1
44	37	1
20	84	1
16	87	1
49	95	1
15	29	1
32	89	1
43	85	1
18	69	1
49	88	1
6	68	1
33	92	1
97	79	1
94	97	1
