***2D Rectangular Problem***
***Instances for the Single Stock Size Cutting Stock Problem (SSSCSP)***
Input parameter file: none_it_is_the_cl_03_100_07_from_CLASS
****************************************************************************************************
Total number of instances 
LargeObject.Length	LargeObject.Width
Number of different item types (i)
Item[i].Length	Item[i].Width	Item[i].Demand
*****************************************************************************************************
1
40	40
97
17	23	1
13	15	1
3	2	1
18	29	1
32	9	1
29	9	1
4	1	1
1	5	1
4	17	1
9	10	1
24	3	1
34	28	1
34	22	1
32	4	1
13	6	2
8	35	2
25	6	1
13	20	1
2	15	1
2	11	1
31	2	1
16	33	1
34	17	1
34	21	1
14	17	1
15	26	1
22	7	1
31	4	1
15	1	1
29	30	2
33	28	1
1	14	1
21	20	1
20	18	1
6	28	1
32	12	1
26	11	1
30	10	1
28	6	1
17	6	1
4	29	1
8	2	1
27	2	1
32	15	1
22	1	1
10	2	1
28	35	1
1	2	1
8	27	1
32	2	1
35	5	1
25	19	1
20	7	1
18	10	1
26	13	1
28	13	1
21	17	1
12	9	1
21	21	1
9	26	1
18	7	1
33	32	1
16	2	1
8	7	1
30	9	1
7	15	1
18	9	1
11	23	1
18	30	1
12	14	1
12	5	1
14	12	1
26	20	1
32	24	1
29	31	1
24	28	1
2	9	1
29	18	1
7	3	1
27	32	1
10	16	1
1	21	1
17	31	1
32	30	1
29	13	1
5	24	1
3	11	1
7	7	1
13	18	1
5	3	1
6	15	1
5	15	1
22	35	1
18	13	1
35	3	1
24	35	1
14	14	1
