***2D Rectangular Problem***
***Instances for the Single Stock Size Cutting Stock Problem (SSSCSP)***
Input parameter file: none_it_is_the_cl_09_060_09_from_CLASS
****************************************************************************************************
Total number of instances 
LargeObject.Length	LargeObject.Width
Number of different item types (i)
Item[i].Length	Item[i].Width	Item[i].Demand
*****************************************************************************************************
1
100	100
60
51	72	1
81	56	1
61	59	1
37	66	1
83	25	1
70	99	1
91	67	1
88	50	1
60	88	1
71	52	1
33	91	1
39	72	1
57	63	1
83	68	1
36	78	1
56	80	1
66	100	1
8	46	1
100	60	1
37	14	1
37	99	1
93	84	1
76	64	1
78	58	1
68	58	1
91	85	1
63	81	1
81	64	1
62	81	1
100	98	1
63	58	1
98	33	1
67	64	1
80	22	1
74	98	1
73	62	1
35	10	1
52	56	1
48	100	1
61	53	1
63	66	1
97	54	1
82	61	1
60	57	1
53	85	1
52	63	1
78	86	1
72	72	1
55	65	1
70	84	1
86	72	1
96	99	1
69	56	1
100	66	1
6	79	1
81	87	1
45	11	1
40	72	1
86	79	1
77	86	1
