***2D Rectangular Problem***
***Instances for the Single Stock Size Cutting Stock Problem (SSSCSP)***
Input parameter file: none_it_is_the_cl_08_100_01_from_CLASS
****************************************************************************************************
Total number of instances 
LargeObject.Length	LargeObject.Width
Number of different item types (i)
Item[i].Length	Item[i].Width	Item[i].Demand
*****************************************************************************************************
1
100	100
99
46	99	1
8	78	1
9	46	1
41	99	1
25	80	1
3	88	1
44	83	1
42	79	1
15	7	1
9	71	1
90	66	1
4	66	1
18	68	1
26	97	1
48	79	1
27	96	1
32	74	1
6	97	1
18	89	1
12	100	1
7	89	1
98	6	1
99	60	1
9	76	1
96	16	1
49	85	1
43	99	1
67	94	1
43	72	1
14	74	1
98	48	1
38	34	1
4	76	1
40	71	1
75	10	1
20	90	1
26	88	1
27	77	1
42	88	1
13	100	1
10	11	1
27	90	1
32	77	2
18	82	1
6	66	1
38	77	1
33	75	1
35	73	1
13	68	1
11	71	1
46	80	1
14	72	1
97	13	1
21	94	1
68	20	1
13	95	1
41	86	1
7	81	1
6	94	1
5	30	1
49	70	1
5	76	1
19	83	1
9	85	1
18	97	1
76	20	1
45	79	1
25	93	1
49	98	1
37	91	1
87	27	1
2	73	1
42	72	1
20	75	1
30	97	1
41	97	1
96	83	1
15	4	1
40	83	1
91	90	1
12	79	1
21	69	1
12	77	1
4	99	1
40	17	1
39	78	1
95	70	1
28	77	1
29	83	1
19	43	1
41	90	1
13	98	1
86	47	1
10	86	1
48	73	1
10	93	1
93	79	1
75	27	1
16	100	1
