***2D Rectangular Problem***
***Instances for the Single Stock Size Cutting Stock Problem (SSSCSP)***
Input parameter file: none_it_is_the_cl_07_100_01_from_CLASS
****************************************************************************************************
Total number of instances 
LargeObject.Length	LargeObject.Width
Number of different item types (i)
Item[i].Length	Item[i].Width	Item[i].Demand
*****************************************************************************************************
1
100	100
98
97	48	1
71	18	1
9	46	1
94	49	1
82	22	1
67	33	1
96	25	1
94	19	1
15	7	1
71	8	1
90	66	1
68	1	1
78	4	1
84	46	1
99	20	1
84	44	1
87	13	1
69	45	1
78	34	1
74	49	2
7	89	1
98	6	1
99	60	1
72	16	1
96	16	1
49	85	1
95	49	1
67	94	1
96	10	1
75	13	1
98	48	1
38	34	1
68	15	1
40	71	1
75	10	2
79	36	1
84	32	1
84	16	1
94	33	1
10	11	1
27	90	1
87	17	1
78	25	1
69	1	1
92	16	1
88	13	1
90	11	1
74	4	1
11	71	1
97	21	1
88	17	1
97	13	1
80	41	1
68	20	1
74	43	1
94	29	1
70	22	1
69	41	1
5	30	1
99	7	1
69	15	1
79	25	1
71	29	1
78	46	1
76	20	1
45	79	1
82	39	1
99	47	1
91	36	1
87	27	1
2	73	1
94	9	1
79	14	1
86	45	1
94	45	1
96	83	1
15	4	1
93	25	1
91	90	1
12	79	1
21	69	1
74	17	1
68	48	1
40	17	1
39	78	1
95	70	1
28	77	1
86	26	1
19	43	1
94	35	1
74	47	1
86	47	1
72	29	1
98	12	1
10	93	1
93	79	1
75	27	1
76	50	1
