***2D Rectangular Problem***
***Instances for the Single Stock Size Cutting Stock Problem (SSSCSP)***
Input parameter file: none_it_is_the_cl_09_060_01_from_CLASS
****************************************************************************************************
Total number of instances 
LargeObject.Length	LargeObject.Width
Number of different item types (i)
Item[i].Length	Item[i].Width	Item[i].Demand
*****************************************************************************************************
1
100	100
59
78	82	1
25	26	1
40	88	1
94	96	1
79	86	1
65	95	1
96	92	1
90	71	1
92	50	1
68	75	1
64	63	1
99	57	1
76	29	1
88	19	1
45	98	1
69	56	1
51	67	1
58	72	1
36	42	1
51	66	1
99	68	1
97	89	1
40	48	1
45	92	1
57	80	1
96	66	1
54	65	1
50	72	1
29	68	1
57	55	1
81	96	1
67	67	1
60	90	1
80	56	1
69	87	2
46	82	1
54	87	1
64	69	1
69	90	1
86	93	1
60	96	1
60	94	1
80	54	1
88	73	1
85	17	1
68	80	1
68	32	1
2	76	1
57	99	1
88	77	1
89	69	1
77	68	1
98	93	1
85	69	1
64	83	1
50	99	1
62	57	1
94	81	1
63	60	1
