***2D Rectangular Problem***
***Instances for the Single Stock Size Cutting Stock Problem (SSSCSP)***
Input parameter file: none_it_is_the_cl_07_100_04_from_CLASS
****************************************************************************************************
Total number of instances 
LargeObject.Length	LargeObject.Width
Number of different item types (i)
Item[i].Length	Item[i].Width	Item[i].Demand
*****************************************************************************************************
1
100	100
96
77	36	1
68	76	1
75	4	2
81	15	1
92	26	2
29	87	1
93	50	1
69	77	1
1	99	1
77	57	1
77	49	1
74	41	1
90	27	1
84	27	1
56	83	1
78	16	1
87	18	1
92	8	1
71	30	1
90	3	1
92	20	1
72	1	1
80	38	1
75	1	1
70	34	1
96	5	1
97	8	1
68	11	1
91	9	1
94	21	1
82	89	1
69	33	1
86	46	1
99	48	1
86	32	1
79	16	1
83	95	1
78	37	1
93	37	1
96	11	1
49	69	1
99	38	1
73	3	1
31	78	1
27	28	1
42	66	1
96	31	1
86	37	1
76	12	1
97	25	1
93	20	1
93	17	1
16	7	1
74	11	1
96	71	1
73	8	1
78	64	1
93	9	1
63	84	1
97	12	1
2	33	1
85	18	1
96	9	2
94	27	2
92	14	1
86	39	1
90	46	1
97	52	1
85	55	1
95	21	1
92	44	1
65	92	1
77	15	1
67	3	1
97	42	1
15	83	1
67	21	1
86	25	1
92	4	1
47	2	1
66	39	1
18	70	1
94	41	1
72	18	1
77	2	1
70	12	1
98	41	1
87	9	1
85	8	1
89	9	1
14	73	1
67	26	1
22	77	1
95	27	1
71	26	1
91	6	1
