***2D Rectangular Problem***
***Instances for the Single Stock Size Cutting Stock Problem (SSSCSP)***
Input parameter file: none_it_is_the_cl_07_080_09_from_CLASS
****************************************************************************************************
Total number of instances 
LargeObject.Length	LargeObject.Width
Number of different item types (i)
Item[i].Length	Item[i].Width	Item[i].Demand
*****************************************************************************************************
1
100	100
80
84	41	1
76	48	1
72	5	1
87	7	1
80	22	1
100	44	1
72	41	1
80	8	1
26	14	1
45	66	1
80	39	1
22	22	1
96	17	1
67	20	1
44	99	1
90	46	1
81	33	1
22	1	1
28	79	1
73	33	1
74	10	1
52	93	1
25	3	1
98	31	1
15	48	1
45	47	1
88	47	1
97	41	1
85	49	1
100	13	1
67	3	1
69	13	1
68	11	1
15	40	1
89	21	1
77	96	1
94	34	1
93	79	1
84	50	1
60	91	1
93	20	1
82	80	1
87	42	1
69	48	1
100	17	1
88	43	1
98	44	1
74	16	1
72	75	1
46	77	1
83	9	1
87	46	1
56	96	1
79	3	1
76	35	1
73	37	1
66	28	1
69	50	1
77	23	1
67	41	1
71	21	1
3	71	1
86	22	1
70	5	1
85	27	1
74	30	1
4	89	1
80	32	1
71	44	1
33	12	1
90	56	1
48	20	1
100	22	1
16	6	1
92	41	1
37	20	1
68	13	1
72	12	1
99	37	1
91	32	1
