***2D Rectangular Problem***
***Instances for the Single Stock Size Cutting Stock Problem (SSSCSP)***
Input parameter file: none_it_is_the_cl_03_080_07_from_CLASS
****************************************************************************************************
Total number of instances 
LargeObject.Length	LargeObject.Width
Number of different item types (i)
Item[i].Length	Item[i].Width	Item[i].Demand
*****************************************************************************************************
1
40	40
79
21	30	1
9	11	1
30	16	1
34	6	1
17	23	1
21	17	1
31	19	1
9	2	1
31	20	1
13	34	1
20	17	1
26	24	1
14	16	1
17	35	1
5	31	1
35	35	1
32	20	1
4	5	1
6	21	1
33	7	1
23	16	1
31	10	1
18	31	1
26	29	1
5	35	1
22	22	1
13	9	1
34	27	1
11	15	1
21	26	1
13	21	1
19	10	1
12	10	1
11	18	1
12	7	1
23	31	1
29	16	1
25	6	1
19	19	1
31	17	1
22	7	1
34	9	1
18	19	1
4	10	1
34	1	1
24	24	1
5	15	1
19	30	1
15	30	1
26	23	1
23	27	1
26	4	1
31	32	1
11	25	1
21	15	1
21	8	2
19	25	1
35	27	1
30	22	1
12	28	1
34	7	1
24	2	1
24	32	1
18	24	1
2	19	1
20	4	1
35	4	1
1	12	1
9	28	1
18	26	1
2	23	1
16	16	1
20	14	1
22	35	1
7	6	1
6	5	1
27	15	1
19	33	1
13	32	1
