***2D Rectangular Problem***
***Instances for the Single Stock Size Cutting Stock Problem (SSSCSP)***
Input parameter file: none_it_is_the_cl_06_080_07_from_CLASS
****************************************************************************************************
Total number of instances 
LargeObject.Length	LargeObject.Width
Number of different item types (i)
Item[i].Length	Item[i].Width	Item[i].Demand
*****************************************************************************************************
1
300	300
80
59	85	1
25	31	1
85	46	1
96	16	1
46	65	1
59	47	1
88	53	1
24	4	1
88	55	1
36	96	1
57	49	1
73	69	1
40	45	1
46	99	1
15	88	1
100	100	1
92	56	1
12	13	1
16	60	1
92	18	1
64	44	1
87	26	1
49	87	1
73	81	1
14	98	1
62	61	1
38	24	1
97	76	1
30	41	1
58	72	1
36	60	1
54	26	1
34	27	1
31	50	1
34	18	1
66	87	1
82	45	1
70	15	1
54	53	1
88	47	1
62	19	1
98	25	1
50	54	1
9	28	1
97	2	1
69	67	1
13	43	1
52	86	1
42	86	1
72	63	1
64	75	1
72	10	1
87	90	1
30	71	1
58	41	1
58	22	1
53	72	1
99	77	1
85	61	1
32	78	1
97	19	1
67	5	1
66	91	1
50	67	1
6	55	1
57	10	1
59	21	1
100	10	1
3	34	1
23	80	1
50	72	1
5	64	1
44	46	1
56	39	1
63	100	1
20	17	1
18	13	1
76	42	1
53	94	1
35	92	1
