***2D Rectangular Problem***
***Instances for the Single Stock Size Cutting Stock Problem (SSSCSP)***
Input parameter file: none_it_is_the_cl_08_080_04_from_CLASS
****************************************************************************************************
Total number of instances 
LargeObject.Length	LargeObject.Width
Number of different item types (i)
Item[i].Length	Item[i].Width	Item[i].Demand
*****************************************************************************************************
1
100	100
80
67	49	1
43	89	1
16	96	1
90	73	1
8	94	1
39	94	1
27	41	1
41	91	1
83	45	1
47	10	1
50	66	1
5	73	1
4	10	1
16	94	1
35	81	1
30	99	1
96	37	1
47	88	1
31	5	1
17	98	1
46	83	1
39	91	1
39	100	1
64	55	1
10	26	1
96	3	1
71	6	1
25	85	1
36	92	1
9	86	1
40	23	1
98	11	1
23	73	1
37	79	1
33	67	1
86	6	1
80	47	1
26	79	1
38	96	1
25	74	1
32	96	1
27	33	1
4	98	1
32	87	1
4	67	1
40	70	1
88	11	1
50	73	1
38	81	1
14	95	1
22	91	1
30	67	1
33	69	1
50	93	1
23	83	1
22	69	1
41	49	1
47	99	1
36	25	1
25	79	1
9	68	1
7	20	1
11	90	1
41	98	1
40	80	1
27	67	1
47	71	1
17	90	1
32	100	1
10	97	1
97	43	1
6	90	1
90	40	1
53	51	1
5	93	1
6	98	1
1	95	1
10	79	1
26	98	1
77	20	1
