***2D Rectangular Problem***
***Instances for the Single Stock Size Cutting Stock Problem (SSSCSP)***
Input parameter file: none_it_is_the_cl_03_100_03_from_CLASS
****************************************************************************************************
Total number of instances 
LargeObject.Length	LargeObject.Width
Number of different item types (i)
Item[i].Length	Item[i].Width	Item[i].Demand
*****************************************************************************************************
1
40	40
97
9	3	1
11	13	1
20	31	1
31	29	1
17	28	1
33	24	1
4	23	1
8	11	1
30	19	1
31	19	1
18	31	1
11	16	1
7	17	1
12	18	1
12	16	1
3	17	1
27	7	1
33	17	1
18	19	1
25	33	1
3	20	1
18	23	1
8	26	1
28	26	1
3	29	1
11	21	1
2	33	1
7	2	2
33	19	1
31	8	1
31	13	1
5	18	1
9	19	1
4	25	1
32	19	1
7	33	1
32	4	1
8	22	1
25	13	1
9	20	1
3	28	1
27	31	1
6	4	1
18	35	1
13	16	1
22	24	1
18	9	1
19	3	1
23	12	1
2	21	1
10	26	2
8	1	1
5	34	1
20	17	1
13	27	1
28	15	1
15	10	1
3	21	1
1	32	1
29	5	1
12	17	1
28	17	1
27	2	1
5	14	2
5	4	1
11	1	1
19	14	1
1	27	1
14	2	1
16	16	1
17	18	1
1	5	1
34	19	1
18	11	1
8	10	1
35	25	1
3	6	1
34	17	1
22	33	1
27	8	1
31	1	1
6	3	1
18	20	1
5	2	1
21	16	1
28	34	1
33	5	1
21	31	1
22	15	1
11	10	1
1	33	1
8	17	1
9	33	1
35	18	1
24	26	1
32	20	1
18	5	1
