***2D Rectangular Problem***
***Instances for the Single Stock Size Cutting Stock Problem (SSSCSP)***
Input parameter file: none_it_is_the_cl_08_060_09_from_CLASS
****************************************************************************************************
Total number of instances 
LargeObject.Length	LargeObject.Width
Number of different item types (i)
Item[i].Length	Item[i].Width	Item[i].Demand
*****************************************************************************************************
1
100	100
59
2	81	1
32	70	1
12	72	1
37	66	1
83	25	1
21	99	1
42	77	1
88	50	1
11	92	1
21	67	1
33	91	1
39	72	1
8	75	1
34	78	1
36	78	1
7	87	1
16	100	1
8	46	1
50	73	1
37	14	1
37	99	1
44	89	1
76	64	1
28	71	1
19	72	1
41	90	1
14	87	1
81	64	1
12	87	1
50	99	1
14	71	1
98	33	1
18	75	1
80	22	1
25	99	1
23	74	1
35	10	1
3	70	1
48	100	1
11	68	1
13	77	1
47	68	1
32	73	1
11	70	1
4	90	1
3	75	1
28	91	2
23	81	1
6	76	1
70	84	1
36	81	1
96	99	1
19	70	1
50	77	1
6	79	1
31	91	1
45	11	1
40	72	1
37	86	1
