***2D Rectangular Problem***
***Instances for the Single Stock Size Cutting Stock Problem (SSSCSP)***
Input parameter file: none_it_is_the_cl_09_080_02_from_CLASS
****************************************************************************************************
Total number of instances 
LargeObject.Length	LargeObject.Width
Number of different item types (i)
Item[i].Length	Item[i].Width	Item[i].Demand
*****************************************************************************************************
1
100	100
80
54	92	1
58	88	1
51	91	1
27	79	1
51	68	1
72	54	1
55	73	1
96	92	1
61	55	1
98	33	1
70	66	1
27	84	1
83	55	1
84	72	1
48	81	1
19	22	1
65	66	1
82	74	1
86	89	1
23	29	1
60	89	1
92	87	1
87	67	1
89	98	1
66	73	1
63	61	1
99	8	1
66	79	1
84	69	1
97	99	1
72	59	1
55	71	1
63	77	1
92	97	1
8	81	1
55	75	1
69	47	1
98	56	1
69	48	1
68	91	1
71	28	1
17	85	1
14	90	1
43	78	1
72	70	1
97	60	1
84	83	1
78	56	1
99	74	1
88	55	1
16	96	1
75	57	1
86	91	1
91	62	1
10	16	1
85	69	1
86	68	1
55	80	1
76	49	1
55	94	1
97	57	1
83	59	1
82	94	1
88	79	1
79	9	1
21	2	1
60	50	1
82	76	1
53	71	1
21	5	1
50	69	1
88	85	1
50	96	1
33	79	1
52	100	1
69	6	1
58	82	1
55	96	1
66	92	1
84	88	1
