***2D Rectangular Problem***
***Instances for the Single Stock Size Cutting Stock Problem (SSSCSP)***
Input parameter file: none_it_is_the_cl_05_080_10_from_CLASS
****************************************************************************************************
Total number of instances 
LargeObject.Length	LargeObject.Width
Number of different item types (i)
Item[i].Length	Item[i].Width	Item[i].Demand
*****************************************************************************************************
1
100	100
80
76	47	1
71	71	1
67	1	1
52	59	1
49	1	1
13	17	1
33	27	1
32	88	1
65	88	1
20	51	1
21	30	1
22	16	1
13	30	1
16	28	1
86	99	1
12	65	1
17	82	1
55	39	1
17	57	1
23	92	1
30	34	1
27	4	1
36	58	1
11	84	1
43	6	1
54	79	1
98	91	1
65	65	1
78	56	1
91	54	1
93	80	1
8	89	1
89	72	1
27	50	1
44	78	1
94	46	1
67	76	1
85	23	1
4	76	1
12	58	1
33	24	1
20	62	1
64	96	1
86	80	1
42	4	1
21	90	1
45	92	1
70	2	1
84	39	1
10	61	1
3	55	1
53	44	1
81	85	1
42	64	1
27	6	1
57	64	1
88	29	1
8	23	1
40	100	1
39	50	1
94	95	1
28	91	1
96	27	1
86	24	1
22	39	1
58	59	1
84	9	1
22	42	1
27	48	1
88	49	1
28	1	1
1	92	1
98	45	1
39	15	1
81	92	1
13	97	1
57	86	1
67	48	1
34	5	1
80	13	1
