***2D Rectangular Problem***
***Instances for the Single Stock Size Cutting Stock Problem (SSSCSP)***
Input parameter file: none_it_is_the_cl_05_100_10_from_CLASS
****************************************************************************************************
Total number of instances 
LargeObject.Length	LargeObject.Width
Number of different item types (i)
Item[i].Length	Item[i].Width	Item[i].Demand
*****************************************************************************************************
1
100	100
100
88	76	1
22	23	1
91	9	1
82	57	1
19	23	1
56	94	1
83	94	1
21	78	1
27	35	1
89	87	1
29	90	1
4	32	1
1	36	1
43	57	1
86	84	1
19	40	1
63	80	1
75	93	1
43	1	1
89	59	1
69	57	1
72	17	1
21	94	1
70	77	1
8	89	1
58	84	1
76	53	1
49	17	1
1	31	1
87	85	1
96	100	1
50	33	1
5	72	1
49	40	1
5	91	1
29	16	1
8	35	1
66	5	1
58	15	1
73	86	1
33	75	1
93	70	1
43	93	1
5	100	1
34	81	1
20	56	1
83	82	1
81	47	1
2	75	1
67	19	1
34	70	1
90	49	1
57	12	1
92	48	1
83	79	1
53	61	1
57	83	1
83	66	1
55	66	1
27	73	1
89	8	1
62	27	1
3	19	1
100	5	1
75	43	1
85	20	1
17	59	1
94	15	1
72	78	1
40	69	1
19	43	1
66	91	1
69	34	1
50	27	1
65	60	1
3	55	1
87	67	1
71	85	1
44	32	1
29	63	1
82	66	1
90	65	1
77	14	1
98	3	1
42	54	1
31	22	1
21	96	1
100	98	1
91	85	1
50	44	1
64	98	1
57	4	1
84	48	1
34	55	1
29	78	1
24	8	1
9	67	1
6	9	1
70	24	1
91	34	1
