***2D Rectangular Problem***
***Instances for the Single Stock Size Cutting Stock Problem (SSSCSP)***
Input parameter file: none_it_is_the_cl_08_060_07_from_CLASS
****************************************************************************************************
Total number of instances 
LargeObject.Length	LargeObject.Width
Number of different item types (i)
Item[i].Length	Item[i].Width	Item[i].Demand
*****************************************************************************************************
1
100	100
59
11	80	1
23	79	1
35	39	1
43	97	1
13	90	1
41	83	1
44	71	1
77	6	1
27	73	1
20	94	1
75	41	1
66	28	1
3	99	1
11	78	1
97	34	1
49	74	1
41	98	1
14	71	1
39	92	1
8	70	1
90	57	1
29	72	1
44	69	1
28	75	1
1	87	1
5	81	1
11	89	1
10	88	1
23	75	1
43	98	1
92	24	1
4	75	2
70	10	1
43	88	1
29	83	1
10	5	1
4	78	1
68	31	1
31	92	1
27	72	1
11	91	1
27	93	1
96	13	1
6	82	1
30	77	1
12	73	1
69	100	1
46	66	1
11	72	1
8	44	1
55	98	1
48	40	1
16	92	1
4	71	1
12	93	1
57	79	1
36	97	1
14	86	1
38	67	1
