***2D Rectangular Problem***
***Instances for the Single Stock Size Cutting Stock Problem (SSSCSP)***
Input parameter file: none_it_is_the_cl_05_100_06_from_CLASS
****************************************************************************************************
Total number of instances 
LargeObject.Length	LargeObject.Width
Number of different item types (i)
Item[i].Length	Item[i].Width	Item[i].Demand
*****************************************************************************************************
1
100	100
100
71	74	1
26	75	1
48	48	1
27	17	1
84	36	1
75	95	1
89	16	1
48	53	1
8	98	1
57	70	1
18	27	1
47	56	1
31	80	1
94	55	1
91	70	1
11	47	1
76	40	1
41	40	1
96	69	1
63	81	1
97	66	1
87	46	1
56	77	1
59	48	1
85	80	1
55	30	1
27	85	1
88	70	1
60	38	1
100	79	1
96	15	1
71	2	1
80	28	1
11	16	1
88	21	1
65	33	1
31	73	1
10	97	1
56	94	1
58	86	1
38	28	1
53	11	1
90	55	1
72	16	1
55	83	1
28	79	1
12	59	1
64	12	1
72	59	1
58	58	1
78	96	1
21	96	1
10	13	1
98	36	1
77	88	1
67	23	1
24	32	1
38	35	1
30	90	1
56	83	1
5	39	1
99	12	1
94	91	1
78	99	1
74	90	1
37	54	1
57	14	1
55	24	1
87	74	1
42	85	1
42	14	1
42	49	1
32	12	1
34	59	1
3	80	1
28	95	1
32	61	1
70	66	1
31	33	1
36	18	1
43	9	1
39	28	1
46	31	1
21	7	1
52	78	1
62	100	1
6	61	1
72	84	1
84	25	1
96	71	1
97	46	1
11	5	1
92	37	1
29	64	1
44	42	1
94	59	1
66	38	1
83	34	1
1	37	1
9	67	1
