***2D Rectangular Problem***
***Instances for the Single Stock Size Cutting Stock Problem (SSSCSP)***
Input parameter file: none_it_is_the_cl_09_080_08_from_CLASS
****************************************************************************************************
Total number of instances 
LargeObject.Length	LargeObject.Width
Number of different item types (i)
Item[i].Length	Item[i].Width	Item[i].Demand
*****************************************************************************************************
1
100	100
80
76	28	1
90	20	1
100	50	1
77	63	1
12	27	1
71	84	1
50	55	1
68	83	1
78	37	1
69	60	1
64	72	1
72	65	1
88	59	1
79	98	1
89	100	1
38	9	1
19	44	1
100	98	1
76	90	1
64	64	1
60	89	1
83	58	1
74	91	1
53	81	1
65	96	1
77	81	1
84	54	1
4	72	1
87	15	1
83	65	1
69	29	1
65	100	1
58	96	1
66	12	1
89	65	1
90	51	1
97	88	1
81	69	1
84	63	1
75	65	1
98	92	1
72	89	1
90	73	1
72	90	1
60	57	1
74	69	1
9	45	1
80	77	1
35	35	1
89	62	1
88	78	1
50	75	1
70	74	1
16	77	1
80	72	1
83	86	1
67	74	1
53	83	1
83	79	1
76	57	1
77	87	1
52	60	1
98	97	1
82	91	1
99	11	1
75	50	1
83	27	1
99	86	1
80	96	1
87	50	1
62	68	1
77	93	1
74	94	1
80	14	1
62	71	1
18	12	1
80	52	1
18	38	1
25	37	1
20	42	1
