***2D Rectangular Problem***
***Instances for the Single Stock Size Cutting Stock Problem (SSSCSP)***
Input parameter file: none_it_is_the_cl_09_100_07_from_CLASS
****************************************************************************************************
Total number of instances 
LargeObject.Length	LargeObject.Width
Number of different item types (i)
Item[i].Length	Item[i].Width	Item[i].Demand
*****************************************************************************************************
1
100	100
100
70	74	1
53	52	1
62	75	1
41	12	1
70	5	1
69	24	1
54	62	1
98	90	1
54	98	1
19	8	1
9	12	1
67	79	1
64	52	1
96	3	1
24	22	1
49	30	1
86	69	1
81	59	1
66	44	1
91	92	1
69	97	1
86	28	1
90	78	1
46	77	1
64	87	1
90	57	1
41	82	1
73	2	1
80	38	1
12	50	1
67	31	1
89	100	1
92	1	1
95	52	1
27	100	1
78	58	1
68	75	1
90	68	1
62	80	1
79	80	1
59	61	1
97	95	1
72	22	1
92	62	1
62	59	1
65	83	1
68	76	1
66	56	1
78	69	1
96	83	1
90	91	1
52	62	1
53	91	1
38	97	1
22	78	1
50	80	1
92	74	1
91	68	1
65	57	1
72	10	1
92	68	1
56	53	1
71	57	1
31	100	1
53	75	1
33	50	1
89	69	1
63	52	1
76	93	1
71	58	1
67	94	1
8	17	1
61	72	1
81	29	1
71	29	1
63	93	1
57	63	1
84	60	1
60	76	1
81	80	1
16	77	1
8	4	1
74	85	1
60	79	1
36	87	1
93	58	1
100	55	1
51	91	1
67	57	1
89	75	1
37	92	1
5	13	1
60	96	1
98	53	1
86	81	1
19	48	1
65	95	1
68	94	1
97	87	1
97	43	1
