***2D Rectangular Problem***
***Instances for the Single Stock Size Cutting Stock Problem (SSSCSP)***
Input parameter file: none_it_is_the_cl_04_100_02_from_CLASS
****************************************************************************************************
Total number of instances 
LargeObject.Length	LargeObject.Width
Number of different item types (i)
Item[i].Length	Item[i].Width	Item[i].Demand
*****************************************************************************************************
1
100	100
96
27	34	2
19	18	1
11	4	2
34	35	1
26	26	1
7	7	1
7	21	1
35	19	1
5	29	1
17	27	1
11	31	1
5	2	1
30	17	1
24	27	1
7	28	1
9	27	1
4	9	1
26	21	1
21	9	2
17	35	1
9	35	1
6	30	1
25	15	1
30	33	1
27	35	1
1	15	1
18	16	1
15	24	1
13	34	1
7	19	1
6	33	1
27	3	1
34	6	1
33	27	1
9	26	1
28	12	1
27	5	1
23	3	1
24	2	1
13	26	1
21	14	1
22	19	1
35	3	1
23	21	1
25	35	1
23	24	1
25	7	1
16	16	1
27	23	1
30	13	1
10	17	1
33	7	1
2	3	1
6	2	1
6	10	1
10	13	1
3	6	1
16	33	1
21	7	1
3	31	1
28	6	1
34	21	1
5	4	1
7	32	1
14	20	1
9	33	1
24	9	1
31	3	1
15	11	1
7	5	1
15	5	1
23	8	2
27	21	1
1	28	1
33	25	1
15	21	1
24	34	1
10	26	1
4	5	1
14	25	1
24	12	1
30	10	1
6	1	1
5	18	1
24	33	1
35	31	1
19	7	1
31	11	1
8	18	1
17	34	1
29	10	1
31	12	1
16	12	1
30	29	1
20	26	1
18	9	1
