***2D Rectangular Problem***
***Instances for the Single Stock Size Cutting Stock Problem (SSSCSP)***
Input parameter file: none_it_is_the_cl_05_080_09_from_CLASS
****************************************************************************************************
Total number of instances 
LargeObject.Length	LargeObject.Width
Number of different item types (i)
Item[i].Length	Item[i].Width	Item[i].Demand
*****************************************************************************************************
1
100	100
79
82	40	1
61	53	1
29	95	1
10	21	1
57	19	1
61	13	1
43	57	1
59	41	1
98	87	1
82	49	1
67	19	1
41	16	1
27	98	1
80	52	1
90	1	1
78	2	1
99	41	1
44	43	1
34	61	1
25	86	1
5	40	1
97	77	1
56	87	1
71	92	1
65	48	1
93	44	1
43	1	1
39	76	1
35	56	1
21	66	1
19	59	1
84	25	1
5	86	1
5	98	1
38	49	1
95	62	1
96	92	1
98	29	1
90	94	1
94	43	1
64	65	1
91	82	2
97	50	1
36	57	1
98	26	1
6	12	1
14	4	1
11	25	1
21	30	1
97	8	1
30	80	1
41	4	1
87	67	1
55	92	1
68	34	1
82	82	1
85	59	1
100	19	1
83	53	1
22	81	1
39	61	1
90	79	1
64	60	1
83	58	1
3	62	1
12	95	1
33	11	1
21	100	1
66	85	1
88	20	1
45	95	1
25	31	1
50	85	1
76	45	1
91	33	1
17	5	1
12	51	1
62	91	1
53	12	1
