***2D Rectangular Problem***
***Instances for the Single Stock Size Cutting Stock Problem (SSSCSP)***
Input parameter file: none_it_is_the_cl_05_080_03_from_CLASS
****************************************************************************************************
Total number of instances 
LargeObject.Length	LargeObject.Width
Number of different item types (i)
Item[i].Length	Item[i].Width	Item[i].Demand
*****************************************************************************************************
1
100	100
79
25	57	1
64	2	1
48	65	1
32	34	1
7	32	1
93	13	1
46	68	1
55	17	1
43	17	1
65	57	1
10	58	1
100	77	1
90	2	1
71	55	1
62	93	1
21	3	1
37	8	1
31	64	1
58	60	1
9	17	1
5	91	1
1	72	1
87	81	1
85	75	1
50	41	1
71	2	1
70	14	1
4	65	1
60	78	1
62	8	1
64	45	1
56	10	1
59	59	1
30	81	1
57	98	2
63	65	1
2	72	1
64	41	1
72	28	1
80	20	1
77	41	1
87	46	1
63	23	1
96	96	1
7	20	1
53	83	1
21	7	1
34	49	1
48	98	1
51	74	1
66	35	1
49	69	1
87	97	1
5	76	1
56	95	1
30	76	1
49	74	1
68	78	1
78	10	1
99	27	1
87	16	1
31	1	1
54	36	1
11	10	1
91	47	1
16	1	1
41	61	1
56	49	1
83	21	1
77	66	1
28	7	1
19	28	1
5	20	1
36	30	1
67	46	1
88	90	1
21	18	1
21	19	1
77	15	1
