***2D Rectangular Problem***
***Instances for the Single Stock Size Cutting Stock Problem (SSSCSP)***
Input parameter file: none_it_is_the_cl_09_100_09_from_CLASS
****************************************************************************************************
Total number of instances 
LargeObject.Length	LargeObject.Width
Number of different item types (i)
Item[i].Length	Item[i].Width	Item[i].Demand
*****************************************************************************************************
1
100	100
99
50	72	1
57	86	1
52	58	2
79	55	1
56	72	1
79	77	1
63	64	1
56	51	1
74	84	1
61	80	1
87	82	1
97	11	1
69	44	1
22	74	1
95	80	1
44	44	1
61	70	1
68	53	1
56	62	1
96	91	1
79	57	1
76	56	1
80	55	1
59	100	1
9	7	1
96	71	1
16	11	1
85	70	1
100	67	1
77	97	1
62	77	1
23	3	1
3	93	1
70	85	1
70	55	1
71	96	1
77	25	1
26	35	1
91	96	1
82	51	1
43	80	1
42	46	1
73	98	1
54	68	1
81	78	1
20	79	1
77	11	1
88	98	1
30	98	1
59	53	1
71	86	1
84	88	1
94	28	1
61	100	1
88	73	1
42	93	1
14	80	1
25	71	1
17	21	1
11	68	1
98	75	1
99	77	1
57	81	1
91	79	1
44	41	1
86	58	1
72	3	1
83	66	1
51	68	1
34	67	1
23	37	1
87	65	1
71	57	1
96	7	1
48	87	1
52	76	1
67	9	1
76	23	1
85	88	1
80	98	1
95	71	1
98	50	1
89	7	1
79	32	1
99	95	1
93	91	1
44	37	1
69	77	1
16	87	1
99	92	1
15	29	1
82	84	1
93	78	1
67	54	1
99	82	1
55	52	1
82	88	1
97	79	1
94	97	1
