***2D Rectangular Problem***
***Instances for the Single Stock Size Cutting Stock Problem (SSSCSP)***
Input parameter file: none_it_is_the_cl_08_100_08_from_CLASS
****************************************************************************************************
Total number of instances 
LargeObject.Length	LargeObject.Width
Number of different item types (i)
Item[i].Length	Item[i].Width	Item[i].Demand
*****************************************************************************************************
1
100	100
99
36	92	1
34	66	1
1	83	1
7	71	1
44	77	1
33	96	1
15	72	1
11	71	1
14	70	1
43	100	1
41	70	1
28	79	1
46	71	1
15	77	1
85	14	2
6	95	1
93	22	1
49	97	1
28	88	1
46	84	1
45	98	1
97	36	1
39	75	1
47	82	1
12	89	1
51	88	1
12	70	1
10	87	1
40	32	1
71	51	1
96	60	1
35	66	1
31	95	1
66	28	1
43	84	1
71	82	1
88	14	1
44	76	1
50	68	1
20	83	1
46	47	1
48	75	1
20	95	1
29	86	1
80	42	1
14	82	1
1	96	1
1	98	1
8	99	1
41	98	1
43	7	1
34	82	1
70	17	1
30	86	1
48	87	1
66	97	1
30	83	1
14	77	1
85	64	1
39	39	1
43	88	1
91	64	1
52	78	1
22	95	1
17	66	1
31	82	1
88	3	1
17	70	1
2	88	1
81	94	1
24	92	1
24	89	1
50	82	1
44	84	1
28	91	1
43	81	1
8	85	1
68	71	1
42	98	1
23	81	1
29	96	1
5	84	1
19	78	1
15	89	1
11	80	1
52	95	1
7	66	1
18	8	1
5	9	1
12	82	1
7	97	1
83	93	1
11	72	1
33	76	1
18	66	1
72	40	1
28	80	1
16	17	1
41	79	1
