***2D Rectangular Problem***
***Instances for the Single Stock Size Cutting Stock Problem (SSSCSP)***
Input parameter file: none_it_is_the_cl_06_080_01_from_CLASS
****************************************************************************************************
Total number of instances 
LargeObject.Length	LargeObject.Width
Number of different item types (i)
Item[i].Length	Item[i].Width	Item[i].Demand
*****************************************************************************************************
1
300	300
80
40	70	1
4	21	1
52	62	1
73	15	1
89	35	1
56	11	1
62	65	1
30	54	1
16	65	1
7	22	1
27	79	1
31	26	1
8	84	1
80	10	1
3	92	1
65	53	1
89	47	1
30	64	1
78	27	1
53	90	1
13	42	1
46	7	1
74	38	1
52	26	1
70	92	1
50	93	1
47	16	1
50	84	1
82	53	1
98	11	1
86	81	1
70	19	1
4	12	1
78	85	1
13	91	1
66	20	1
25	94	1
13	68	1
84	33	1
29	9	1
68	52	1
58	51	1
88	29	1
79	41	1
88	76	1
3	56	1
46	36	1
74	6	1
74	88	1
69	37	1
15	43	1
1	27	1
48	44	1
12	85	1
83	71	1
82	57	1
65	33	1
22	21	1
73	75	1
74	87	1
16	76	1
19	100	1
39	46	1
66	38	1
21	30	1
60	12	1
72	5	1
79	66	1
36	83	1
33	79	1
92	8	1
69	60	1
51	58	1
62	56	1
57	43	1
24	42	1
87	9	1
1	32	1
54	33	1
68	68	1
