***2D Rectangular Problem***
***Instances for the Single Stock Size Cutting Stock Problem (SSSCSP)***
Input parameter file: none_it_is_the_cl_08_100_10_from_CLASS
****************************************************************************************************
Total number of instances 
LargeObject.Length	LargeObject.Width
Number of different item types (i)
Item[i].Length	Item[i].Width	Item[i].Demand
*****************************************************************************************************
1
100	100
97
12	96	1
46	69	2
12	94	1
28	98	1
39	42	1
14	78	1
95	95	1
2	76	1
29	66	1
43	95	2
40	72	1
38	98	1
86	22	1
85	78	1
47	91	1
35	92	1
92	53	1
38	84	1
16	83	1
96	43	1
17	48	1
3	91	1
46	83	1
75	8	1
3	68	1
29	70	1
87	86	1
47	90	1
50	22	1
77	41	1
41	72	1
91	73	1
10	66	1
17	90	1
6	97	1
46	82	1
31	95	2
29	94	1
33	94	1
14	91	1
75	45	1
2	72	1
80	50	1
43	72	1
8	71	1
36	39	1
22	79	1
33	97	1
14	89	1
33	86	1
34	67	1
85	93	1
32	81	1
41	89	1
7	97	1
49	66	1
11	80	1
11	99	1
43	50	1
25	22	1
2	32	1
42	82	1
39	77	1
12	68	1
5	69	1
90	12	1
48	97	1
60	98	1
19	93	1
40	74	1
18	90	1
22	68	1
45	90	1
7	81	1
50	91	1
94	70	1
33	95	1
35	46	1
44	66	1
28	100	1
32	73	1
24	87	1
99	75	1
24	93	1
83	27	1
65	62	1
16	90	1
89	85	1
96	11	1
50	69	1
50	39	1
75	5	1
34	80	1
31	87	1
50	90	1
36	95	1
23	78	1
