***2D Rectangular Problem***
***Instances for the Single Stock Size Cutting Stock Problem (SSSCSP)***
Input parameter file: none_it_is_the_cl_07_060_08_from_CLASS
****************************************************************************************************
Total number of instances 
LargeObject.Length	LargeObject.Width
Number of different item types (i)
Item[i].Length	Item[i].Width	Item[i].Demand
*****************************************************************************************************
1
100	100
59
45	14	1
33	81	1
21	100	1
4	16	1
100	13	1
3	74	1
87	5	1
86	12	1
77	25	1
90	14	1
68	22	1
78	19	1
45	99	1
85	27	1
38	1	1
77	38	1
89	32	1
89	2	1
89	42	1
28	19	1
85	78	1
100	39	1
94	44	1
66	12	1
49	91	1
85	37	1
72	8	1
90	16	1
73	55	1
69	97	1
93	33	1
81	81	1
72	38	1
80	19	1
88	20	1
92	9	1
57	80	1
89	3	1
37	78	1
71	49	1
78	35	2
72	48	1
67	29	1
39	49	1
39	66	1
97	53	1
79	51	1
87	12	1
23	29	1
97	23	1
91	36	1
77	19	1
69	3	1
68	80	1
67	22	1
82	20	1
84	44	1
31	92	1
86	20	1
