***2D Rectangular Problem***
***Instances for the Single Stock Size Cutting Stock Problem (SSSCSP)***
Input parameter file: none_it_is_the_cl_09_100_08_from_CLASS
****************************************************************************************************
Total number of instances 
LargeObject.Length	LargeObject.Width
Number of different item types (i)
Item[i].Length	Item[i].Width	Item[i].Demand
*****************************************************************************************************
1
100	100
98
85	88	1
83	50	1
50	76	1
56	58	1
94	66	1
82	94	1
65	60	1
61	57	1
64	56	1
43	100	1
91	55	1
28	79	1
96	58	1
65	66	1
85	14	2
55	92	1
93	22	1
99	96	1
78	83	1
96	77	1
95	97	1
97	36	1
89	63	1
97	73	1
61	83	1
51	88	1
61	56	1
59	81	1
40	32	1
71	51	1
96	60	1
85	50	1
80	92	1
66	28	1
92	76	1
71	82	1
88	14	1
94	64	1
100	53	1
69	75	1
46	47	1
98	63	1
69	93	1
79	80	2
80	42	1
63	74	1
50	94	1
50	96	1
57	99	1
91	96	1
43	7	1
84	74	1
70	17	1
98	81	1
66	97	1
80	75	1
63	66	1
85	64	1
39	39	1
93	82	1
91	64	1
52	78	1
72	92	1
66	51	1
80	73	1
88	3	1
67	57	1
51	82	1
81	94	1
74	89	1
74	84	1
100	74	1
94	77	1
28	91	1
93	72	1
8	85	1
68	71	1
42	98	1
72	72	1
29	96	1
54	77	1
68	67	1
64	84	1
61	70	1
52	95	1
56	50	1
18	8	1
5	9	1
61	73	1
56	95	1
83	93	1
60	59	1
83	64	1
18	66	1
72	40	1
78	71	1
16	17	1
91	69	1
