***2D Rectangular Problem***
***Instances for the Single Stock Size Cutting Stock Problem (SSSCSP)***
Input parameter file: none_it_is_the_cl_07_060_09_from_CLASS
****************************************************************************************************
Total number of instances 
LargeObject.Length	LargeObject.Width
Number of different item types (i)
Item[i].Length	Item[i].Width	Item[i].Demand
*****************************************************************************************************
1
100	100
60
66	23	1
87	7	1
12	72	1
91	1	1
83	25	1
80	49	1
94	18	1
88	50	1
11	92	1
80	3	1
88	37	1
92	9	1
71	14	1
89	19	1
90	18	1
70	31	1
16	100	1
8	46	1
100	11	1
37	14	1
91	49	1
96	35	1
76	64	1
28	71	1
19	72	1
94	35	1
75	31	1
81	64	1
74	31	1
100	48	1
75	9	1
98	33	1
78	15	1
80	22	1
25	99	1
81	13	1
35	10	1
67	7	1
98	49	1
73	4	1
75	17	1
98	4	1
32	73	1
73	7	1
68	35	1
67	13	1
85	36	1
81	22	1
69	15	1
70	84	1
36	81	1
96	99	1
79	7	1
100	16	1
69	20	1
87	37	1
45	11	1
93	10	1
37	86	1
84	37	1
