***2D Rectangular Problem***
***Instances for the Single Stock Size Cutting Stock Problem (SSSCSP)***
Input parameter file: none_it_is_the_cl_09_080_07_from_CLASS
****************************************************************************************************
Total number of instances 
LargeObject.Length	LargeObject.Width
Number of different item types (i)
Item[i].Length	Item[i].Width	Item[i].Demand
*****************************************************************************************************
1
100	100
80
65	80	1
93	73	1
33	99	1
79	73	1
51	94	1
94	77	1
25	18	1
87	84	1
100	70	1
57	94	1
28	50	1
6	7	1
59	57	1
32	22	1
93	94	1
86	91	1
31	7	1
68	61	1
70	99	1
79	86	1
63	68	1
67	63	1
58	65	1
83	94	1
57	91	1
77	76	1
59	94	1
99	62	1
63	75	1
99	1	1
71	84	1
26	95	1
82	71	1
82	88	1
97	36	1
65	85	1
61	79	1
76	86	1
80	100	1
66	89	1
3	99	1
83	96	1
77	75	1
85	5	1
55	79	1
2	17	1
86	61	1
52	82	1
69	72	1
81	100	1
7	72	1
38	80	1
46	27	1
73	95	1
88	70	1
90	22	1
84	92	1
76	51	1
82	92	1
95	84	1
83	70	1
91	69	1
87	76	1
65	57	1
95	59	1
18	100	1
5	21	1
98	94	1
67	60	1
55	91	1
83	78	1
95	41	1
51	73	1
55	94	1
73	97	1
48	100	1
98	98	1
78	9	1
75	76	1
65	70	1
