***2D Rectangular Problem***
***Instances for the Single Stock Size Cutting Stock Problem (SSSCSP)***
Input parameter file: none_it_is_the_cl_03_100_09_from_CLASS
****************************************************************************************************
Total number of instances 
LargeObject.Length	LargeObject.Width
Number of different item types (i)
Item[i].Length	Item[i].Width	Item[i].Demand
*****************************************************************************************************
1
40	40
98
16	19	1
8	1	1
6	26	1
6	31	1
16	2	1
21	4	2
16	10	1
9	5	1
20	19	1
10	26	1
22	10	1
5	2	1
24	9	1
19	17	1
8	21	1
23	29	1
1	26	1
32	8	1
6	17	1
2	2	1
4	31	1
9	6	1
23	16	1
32	22	1
31	32	1
28	31	1
9	14	1
3	25	1
18	13	1
5	9	1
29	21	1
28	32	1
21	6	1
5	18	1
22	19	1
35	17	2
35	7	1
7	5	1
15	19	1
33	33	1
11	8	1
14	22	1
16	25	1
35	13	1
33	28	1
18	20	1
9	20	1
2	35	1
5	16	1
2	28	1
25	10	1
11	15	1
15	4	1
33	22	1
2	15	1
12	17	1
25	35	1
12	18	1
29	32	1
1	16	1
7	23	1
30	15	1
33	34	1
21	30	1
16	34	1
13	18	1
20	4	1
22	20	1
14	5	1
4	14	1
12	8	1
34	29	1
7	27	1
21	33	1
3	20	1
29	7	1
15	26	1
27	13	1
2	24	1
29	20	1
35	8	1
28	8	1
27	16	1
28	5	1
4	29	1
10	15	1
6	4	1
12	15	1
3	5	1
15	8	1
34	18	1
20	9	1
15	35	1
5	22	1
21	14	1
35	29	1
31	29	1
7	21	1
