***2D Rectangular Problem***
***Instances for the Single Stock Size Cutting Stock Problem (SSSCSP)***
Input parameter file: none_it_is_the_cl_09_080_01_from_CLASS
****************************************************************************************************
Total number of instances 
LargeObject.Length	LargeObject.Width
Number of different item types (i)
Item[i].Length	Item[i].Width	Item[i].Demand
*****************************************************************************************************
1
100	100
79
60	69	1
84	31	1
18	91	1
78	55	1
77	81	1
57	83	1
90	53	1
65	62	1
54	53	1
51	96	1
73	82	1
65	82	1
95	89	2
56	71	1
79	23	1
76	63	1
47	35	1
73	57	1
76	75	1
99	55	1
59	93	1
51	56	1
33	72	1
34	13	1
42	77	1
83	15	1
79	75	1
70	94	1
94	88	1
68	51	1
87	53	1
68	87	1
57	71	1
72	50	1
56	93	1
78	92	1
83	66	1
88	60	1
87	93	1
100	57	1
20	82	1
65	83	1
80	55	1
88	36	1
68	92	1
53	66	1
35	30	1
78	75	1
78	71	1
54	62	1
50	66	1
84	77	1
100	63	1
66	69	1
85	14	1
52	90	1
34	17	1
91	88	1
67	72	1
82	64	1
79	82	1
76	68	1
19	96	1
24	1	1
86	58	1
73	60	1
31	26	1
76	99	1
54	97	1
33	75	1
6	80	1
92	58	1
84	97	1
3	86	1
92	76	1
68	79	1
27	9	1
85	57	1
93	44	1
