***2D Rectangular Problem***
***Instances for the Single Stock Size Cutting Stock Problem (SSSCSP)***
Input parameter file: none_it_is_the_cl_06_100_05_from_CLASS
****************************************************************************************************
Total number of instances 
LargeObject.Length	LargeObject.Width
Number of different item types (i)
Item[i].Length	Item[i].Width	Item[i].Demand
*****************************************************************************************************
1
300	300
99
8	83	2
6	85	1
54	43	1
42	79	1
92	49	1
59	43	1
32	81	1
34	20	1
19	48	1
78	88	1
32	96	1
36	59	1
80	1	1
85	78	1
8	76	1
37	21	1
95	65	1
36	99	1
51	45	1
60	59	1
20	28	1
20	76	1
81	58	1
60	63	1
45	13	1
58	63	1
56	3	1
26	55	1
91	74	1
7	50	1
63	3	1
80	91	1
14	2	1
55	58	1
24	14	1
77	60	1
3	17	1
25	42	1
96	24	1
81	77	1
71	93	1
68	55	1
93	17	1
2	69	1
84	32	1
61	63	1
88	50	1
55	15	1
84	15	1
30	37	1
83	4	1
64	73	1
29	30	1
66	99	1
99	36	1
83	29	1
5	100	1
90	5	1
92	34	1
1	7	1
37	81	1
58	44	1
51	19	1
40	62	1
79	60	1
58	37	1
99	48	1
57	82	1
21	61	1
13	41	1
90	10	1
39	91	1
84	40	1
79	44	1
13	27	1
10	44	1
23	84	1
43	69	1
92	54	1
24	29	1
29	16	1
30	70	1
80	81	1
71	69	1
23	92	1
93	38	1
69	28	1
73	20	1
61	1	1
22	93	1
78	53	1
85	70	1
31	64	1
39	93	1
65	44	1
96	41	1
56	38	1
100	25	1
17	23	1
