***2D Rectangular Problem***
***Instances for the Single Stock Size Cutting Stock Problem (SSSCSP)***
Input parameter file: none_it_is_the_cl_06_060_01_from_CLASS
****************************************************************************************************
Total number of instances 
LargeObject.Length	LargeObject.Width
Number of different item types (i)
Item[i].Length	Item[i].Width	Item[i].Demand
*****************************************************************************************************
1
300	300
60
63	47	1
100	57	1
49	51	1
64	17	1
36	79	1
87	92	1
71	44	1
78	58	1
31	89	1
84	27	1
26	93	1
81	42	1
2	65	1
80	83	1
37	51	1
27	59	1
40	29	1
98	16	1
57	9	1
5	31	1
66	37	1
93	15	1
77	89	1
39	13	1
35	77	1
54	3	1
18	45	1
83	95	1
37	72	1
3	34	1
36	68	1
26	97	1
94	78	1
95	97	1
20	79	1
90	77	1
61	82	1
21	16	1
93	33	1
32	23	1
27	8	1
1	44	1
9	20	1
39	57	1
15	12	1
91	72	1
57	62	1
35	35	1
80	81	1
81	22	1
61	14	1
74	45	1
11	38	1
92	48	1
74	65	1
46	10	1
30	39	1
80	41	1
87	38	1
73	86	1
