***2D Rectangular Problem***
***Instances for the Single Stock Size Cutting Stock Problem (SSSCSP)***
Input parameter file: none_it_is_the_cl_08_080_02_from_CLASS
****************************************************************************************************
Total number of instances 
LargeObject.Length	LargeObject.Width
Number of different item types (i)
Item[i].Length	Item[i].Width	Item[i].Demand
*****************************************************************************************************
1
100	100
80
5	95	1
9	92	1
2	94	1
27	79	1
2	78	1
22	69	1
6	82	1
46	95	1
12	70	1
98	33	1
21	77	1
27	84	1
83	55	1
34	81	1
48	81	1
19	22	1
16	77	1
32	82	1
86	89	1
23	29	1
10	93	1
92	87	1
87	67	1
39	99	1
17	82	1
14	74	1
99	8	1
16	85	1
34	79	1
97	99	1
23	72	1
5	80	1
14	84	1
42	98	1
8	81	1
6	83	1
69	47	1
98	56	1
69	48	1
19	94	1
71	28	1
17	85	1
14	90	1
43	78	1
22	80	1
47	73	1
34	89	1
78	56	1
99	74	1
38	69	1
16	96	1
26	71	1
36	94	1
41	74	1
10	16	1
85	69	1
36	78	1
6	86	1
76	49	1
6	96	1
47	71	1
33	72	1
32	96	1
88	79	1
79	9	1
21	2	1
60	50	1
32	84	1
4	80	1
21	5	1
1	79	1
38	90	1
1	97	1
33	79	1
3	100	1
69	6	1
8	88	1
6	97	1
66	92	1
34	92	1
