***2D Rectangular Problem***
***Instances for the Single Stock Size Cutting Stock Problem (SSSCSP)***
Input parameter file: none_it_is_the_cl_09_080_09_from_CLASS
****************************************************************************************************
Total number of instances 
LargeObject.Length	LargeObject.Width
Number of different item types (i)
Item[i].Length	Item[i].Width	Item[i].Demand
*****************************************************************************************************
1
100	100
80
76	91	1
64	98	1
59	54	1
80	56	1
70	71	1
99	93	1
59	91	1
70	57	1
26	14	1
95	50	1
80	39	1
22	22	1
93	67	1
52	69	1
94	98	1
85	96	1
72	82	1
22	1	1
78	69	1
60	83	1
62	59	1
52	93	1
25	3	1
97	81	1
15	48	1
45	47	1
82	97	1
96	91	1
78	99	1
99	62	1
2	67	1
6	74	1
53	60	1
15	40	1
89	21	1
77	96	1
91	84	1
93	79	1
27	100	1
60	91	1
90	69	1
82	80	1
81	91	1
69	48	1
50	77	1
83	93	1
48	96	1
62	65	1
72	75	1
95	66	1
83	9	1
31	97	1
56	96	1
69	52	1
15	90	1
73	37	1
66	28	1
55	100	1
66	72	1
3	94	1
58	71	1
52	58	1
86	22	1
56	55	1
28	84	1
62	79	1
53	83	1
80	32	1
71	44	1
33	12	1
90	56	1
48	20	1
50	81	1
16	6	1
92	41	1
37	20	1
53	62	1
10	74	1
98	87	1
86	81	1
