***2D Rectangular Problem***
***Instances for the Single Stock Size Cutting Stock Problem (SSSCSP)***
Input parameter file: none_it_is_the_cl_05_060_08_from_CLASS
****************************************************************************************************
Total number of instances 
LargeObject.Length	LargeObject.Width
Number of different item types (i)
Item[i].Length	Item[i].Width	Item[i].Demand
*****************************************************************************************************
1
100	100
60
27	92	1
71	90	1
65	44	1
99	76	1
95	42	1
7	31	1
26	65	1
74	99	1
6	24	1
10	60	1
9	63	1
59	23	1
49	60	1
1	32	1
69	27	1
44	67	1
47	8	1
35	38	1
95	79	1
50	89	1
56	54	1
2	98	1
9	75	1
34	76	1
64	22	1
23	68	1
67	4	1
83	52	1
94	67	1
56	38	1
57	87	1
20	71	1
100	77	1
87	29	1
2	81	1
1	23	1
73	76	1
40	97	1
57	74	1
15	30	1
33	19	1
70	31	1
12	89	1
83	47	1
38	94	1
66	54	1
88	80	1
62	63	1
75	24	1
49	20	1
42	38	1
40	1	1
66	65	1
77	18	1
61	83	1
39	16	1
69	5	1
37	72	1
68	73	1
16	97	1
