***2D Rectangular Problem***
***Instances for the Single Stock Size Cutting Stock Problem (SSSCSP)***
Input parameter file: none_it_is_the_cl_07_080_08_from_CLASS
****************************************************************************************************
Total number of instances 
LargeObject.Length	LargeObject.Width
Number of different item types (i)
Item[i].Length	Item[i].Width	Item[i].Demand
*****************************************************************************************************
1
100	100
80
76	28	1
90	20	1
100	1	1
77	63	1
12	27	1
22	89	1
66	6	1
79	34	1
78	37	1
79	11	1
75	22	1
23	76	1
92	10	1
79	98	1
89	100	1
38	9	1
19	44	1
100	48	1
83	40	1
76	14	1
11	93	1
83	58	1
82	41	1
68	31	1
65	96	1
84	31	1
89	5	1
68	10	1
87	15	1
34	76	1
69	29	1
76	50	1
71	46	1
66	12	1
92	16	1
90	51	1
98	38	1
87	20	1
89	14	1
83	15	1
99	42	1
81	39	1
94	24	1
81	40	1
73	8	1
83	20	1
9	45	1
87	27	1
35	35	1
93	13	1
92	28	1
50	75	1
80	24	1
76	17	1
86	23	1
88	36	1
78	25	1
53	83	1
89	29	1
84	8	1
84	37	1
52	60	1
99	48	1
88	41	1
99	11	1
75	50	1
83	27	1
100	37	1
86	47	1
91	1	1
62	68	1
85	43	1
82	44	1
80	14	1
13	80	1
18	12	1
86	3	1
18	38	1
25	37	1
20	42	1
