***2D Rectangular Problem***
***Instances for the Single Stock Size Cutting Stock Problem (SSSCSP)***
Input parameter file: none_it_is_the_cl_08_080_01_from_CLASS
****************************************************************************************************
Total number of instances 
LargeObject.Length	LargeObject.Width
Number of different item types (i)
Item[i].Length	Item[i].Width	Item[i].Demand
*****************************************************************************************************
1
100	100
80
11	79	1
84	31	1
18	91	1
78	55	1
27	87	1
8	88	1
40	68	1
16	74	1
54	53	1
2	98	1
24	88	1
65	82	1
45	92	1
7	80	1
79	23	1
26	74	1
47	35	1
24	71	1
76	75	1
99	55	1
59	93	1
2	70	1
95	89	1
33	72	1
34	13	1
42	77	1
83	15	1
29	83	1
21	96	1
44	92	1
18	66	1
37	68	1
68	87	1
8	80	1
22	66	1
6	95	1
29	94	1
83	66	1
38	73	1
37	96	1
50	71	1
20	82	1
15	88	1
30	69	1
88	36	1
18	94	1
4	77	1
35	30	1
28	83	1
29	80	1
5	74	1
50	66	1
34	84	1
50	75	1
17	79	1
85	14	1
3	93	1
34	17	1
41	92	1
18	81	1
32	75	1
29	88	1
27	78	1
19	96	1
24	1	1
36	71	1
24	73	1
31	26	1
27	99	1
5	98	1
33	75	1
6	80	1
42	71	1
35	98	1
3	86	1
42	84	1
18	86	1
27	9	1
36	70	1
93	44	1
