***2D Rectangular Problem***
***Instances for the Single Stock Size Cutting Stock Problem (SSSCSP)***
Input parameter file: none_it_is_the_cl_08_100_05_from_CLASS
****************************************************************************************************
Total number of instances 
LargeObject.Length	LargeObject.Width
Number of different item types (i)
Item[i].Length	Item[i].Width	Item[i].Demand
*****************************************************************************************************
1
100	100
100
93	53	1
84	22	1
25	80	1
30	22	1
59	66	1
10	82	1
98	89	1
18	86	1
92	40	1
53	88	1
33	78	1
18	50	1
30	83	1
10	75	1
29	72	1
80	81	1
32	81	1
28	67	1
37	74	1
4	25	1
97	32	1
7	66	1
7	85	1
39	86	1
21	67	1
48	74	1
88	53	1
86	97	1
9	89	1
1	35	1
32	95	1
44	83	1
8	85	1
65	68	1
91	42	1
15	76	1
18	33	1
42	15	1
3	3	1
96	66	1
94	1	1
29	81	1
31	83	1
40	86	1
24	86	1
29	41	1
21	73	1
45	69	1
20	20	1
89	72	1
22	70	1
74	42	1
27	80	1
12	15	1
35	76	1
40	94	1
46	90	1
47	79	1
10	89	1
31	66	1
27	11	1
43	90	1
47	76	1
33	81	1
19	99	1
50	74	1
45	71	1
46	69	1
23	98	1
20	66	1
68	13	1
21	66	1
92	8	1
50	52	1
26	86	1
8	70	1
16	86	1
43	76	1
9	71	1
7	83	1
5	75	1
99	39	1
4	47	1
17	69	1
6	71	1
14	25	1
10	99	1
39	99	1
18	76	1
41	81	1
28	73	1
22	66	1
42	90	1
31	88	1
57	86	1
17	76	1
27	76	1
32	67	1
50	81	1
74	93	1
