***2D Rectangular Problem***
***Instances for the Single Stock Size Cutting Stock Problem (SSSCSP)***
Input parameter file: none_it_is_the_cl_07_060_02_from_CLASS
****************************************************************************************************
Total number of instances 
LargeObject.Length	LargeObject.Width
Number of different item types (i)
Item[i].Length	Item[i].Width	Item[i].Demand
*****************************************************************************************************
1
100	100
59
70	7	1
12	95	1
90	42	1
99	48	1
43	86	1
92	31	1
85	21	1
87	42	1
41	15	1
84	31	1
32	11	1
83	48	1
66	11	1
27	43	1
98	13	1
87	16	1
81	19	1
92	16	1
82	27	1
99	45	1
69	38	1
74	1	2
75	2	1
85	35	1
100	19	1
98	48	1
14	93	1
78	38	1
6	74	1
96	6	1
83	38	1
80	2	1
82	17	1
51	75	1
100	48	1
90	28	1
68	33	1
81	7	1
90	20	1
73	15	1
97	11	1
68	1	1
88	4	1
100	14	1
48	100	1
98	6	1
41	100	1
99	25	1
67	22	1
73	6	1
59	97	1
92	14	1
19	100	1
96	25	1
87	31	1
84	39	1
98	40	1
92	5	1
76	27	1
