***2D Rectangular Problem***
***Instances for the Single Stock Size Cutting Stock Problem (SSSCSP)***
Input parameter file: none_it_is_the_cl_03_080_08_from_CLASS
****************************************************************************************************
Total number of instances 
LargeObject.Length	LargeObject.Width
Number of different item types (i)
Item[i].Length	Item[i].Width	Item[i].Demand
*****************************************************************************************************
1
40	40
76
20	2	1
3	11	1
25	14	1
1	8	2
31	35	1
19	10	1
19	33	1
27	8	1
15	24	1
4	8	1
24	1	1
14	24	1
26	2	1
24	13	1
14	8	1
16	16	1
25	10	1
16	11	1
7	14	1
29	27	2
20	34	1
35	32	1
35	28	1
27	7	1
31	34	1
8	13	1
35	34	1
28	21	1
17	18	1
11	10	1
28	27	1
29	8	1
23	6	1
29	18	1
8	17	1
3	22	1
33	29	1
24	11	2
19	22	1
3	24	1
7	24	1
3	7	1
11	4	1
27	22	1
21	3	1
14	4	1
11	35	1
32	21	1
3	6	1
11	25	1
28	1	1
27	12	1
22	33	1
22	14	1
10	20	1
18	24	1
18	11	1
30	12	1
15	34	1
16	27	1
17	23	2
14	29	1
16	28	1
6	19	1
15	8	1
18	14	1
32	34	1
19	6	1
22	19	1
25	34	1
24	24	1
28	9	1
20	19	1
32	27	1
1	18	1
6	15	1
