***2D Rectangular Problem***
***Instances for the Single Stock Size Cutting Stock Problem (SSSCSP)***
Input parameter file: none_it_is_the_cl_09_100_10_from_CLASS
****************************************************************************************************
Total number of instances 
LargeObject.Length	LargeObject.Width
Number of different item types (i)
Item[i].Length	Item[i].Width	Item[i].Demand
*****************************************************************************************************
1
100	100
96
61	94	1
96	54	2
61	91	1
28	98	1
39	42	1
63	67	1
95	95	1
51	65	1
78	50	1
93	92	2
90	59	1
88	97	1
86	22	1
85	78	1
47	91	1
85	89	1
92	53	1
88	76	1
16	83	1
96	43	1
17	48	1
52	86	1
96	74	2
75	8	1
52	53	1
79	57	1
87	86	1
97	85	1
50	22	1
77	41	1
91	59	1
91	73	1
59	50	1
66	85	1
56	95	1
80	92	1
78	91	1
83	92	1
63	86	1
75	45	1
51	59	1
80	50	1
92	60	1
57	58	1
36	39	1
71	70	1
33	97	1
63	84	1
83	80	1
84	51	1
85	93	1
81	72	1
91	83	1
57	95	1
99	51	1
60	71	1
60	98	2
43	50	1
25	22	1
2	32	1
92	74	1
89	66	1
62	53	1
54	54	1
90	12	1
98	95	1
68	89	1
90	61	1
67	85	1
71	53	1
95	85	1
56	73	1
100	87	1
94	70	1
33	95	1
35	46	1
44	66	1
28	100	1
82	61	1
74	80	1
99	75	1
73	90	1
83	27	1
65	62	1
81	92	1
65	85	1
89	85	1
96	11	1
100	55	1
50	39	1
75	5	1
84	70	1
80	81	1
100	86	1
36	95	1
23	78	1
