***2D Rectangular Problem***
***Instances for the Single Stock Size Cutting Stock Problem (SSSCSP)***
Input parameter file: none_it_is_the_cl_07_100_08_from_CLASS
****************************************************************************************************
Total number of instances 
LargeObject.Length	LargeObject.Width
Number of different item types (i)
Item[i].Length	Item[i].Width	Item[i].Demand
*****************************************************************************************************
1
100	100
99
90	38	1
34	66	1
66	26	1
70	9	1
96	17	1
88	44	1
76	10	1
73	8	1
75	7	1
95	50	1
94	6	1
85	20	1
98	9	1
76	17	1
85	14	2
69	42	1
93	22	1
100	46	1
85	33	1
46	84	1
45	98	1
97	36	1
93	14	1
98	23	1
12	89	1
51	88	1
74	6	1
72	31	1
40	32	1
71	51	1
96	60	1
90	1	1
87	42	1
66	28	1
95	27	1
71	82	1
88	14	1
96	15	1
100	4	1
79	25	1
46	47	1
99	14	1
79	43	1
86	30	1
80	42	1
75	24	1
66	44	1
66	46	1
71	49	1
94	46	1
43	7	1
89	24	1
70	17	1
30	86	1
98	31	1
66	97	1
86	26	1
75	17	1
85	64	1
39	39	1
95	33	1
91	64	1
52	78	1
81	43	1
77	1	1
87	24	1
88	3	1
17	70	1
2	88	1
81	94	1
82	39	1
82	34	1
100	24	1
44	84	1
84	37	1
95	23	1
71	28	1
68	71	1
95	47	1
23	81	1
86	43	1
69	27	1
78	18	1
75	35	1
73	21	1
52	95	1
70	1	1
18	8	1
5	9	1
73	24	1
70	46	1
83	93	1
73	10	1
88	15	1
78	2	1
72	40	1
85	22	1
16	17	1
94	20	1
