***2D Rectangular Problem***
***Instances for the Single Stock Size Cutting Stock Problem (SSSCSP)***
Input parameter file: none_it_is_the_cl_09_100_04_from_CLASS
****************************************************************************************************
Total number of instances 
LargeObject.Length	LargeObject.Width
Number of different item types (i)
Item[i].Length	Item[i].Width	Item[i].Demand
*****************************************************************************************************
1
100	100
100
67	86	1
68	76	1
63	54	1
72	64	1
87	75	1
78	81	1
89	100	1
88	76	1
69	77	1
50	99	1
77	57	1
66	99	1
62	91	1
90	27	1
76	77	1
56	83	1
78	16	1
80	67	1
87	57	1
57	80	1
90	3	1
88	69	1
60	50	1
70	88	1
63	50	1
56	84	1
95	54	1
96	57	1
53	60	1
87	59	1
91	70	1
82	89	1
55	83	1
30	98	1
99	48	1
80	82	1
69	66	1
83	95	1
78	37	1
90	86	1
94	61	1
99	55	1
99	88	1
61	52	1
81	67	1
27	28	1
91	50	1
95	80	1
79	86	1
65	61	1
96	75	1
39	79	1
40	77	1
16	7	1
61	60	1
96	71	1
61	57	1
78	64	1
89	58	1
63	84	1
95	61	1
2	33	1
85	18	1
44	72	1
94	27	1
88	63	1
80	88	1
85	96	1
97	52	1
85	55	1
93	71	1
88	93	1
65	92	1
94	59	1
66	65	1
3	67	1
97	42	1
64	74	1
67	21	1
79	74	1
88	53	1
47	2	1
50	89	1
67	57	1
91	77	1
91	91	1
59	67	1
67	51	1
7	74	1
97	91	1
81	58	1
29	71	1
83	58	1
63	53	1
63	61	1
51	76	1
72	66	1
93	77	1
57	75	1
86	55	1
