***2D Rectangular Problem***
***Instances for the Single Stock Size Cutting Stock Problem (SSSCSP)***
Input parameter file: none_it_is_the_cl_03_080_09_from_CLASS
****************************************************************************************************
Total number of instances 
LargeObject.Length	LargeObject.Width
Number of different item types (i)
Item[i].Length	Item[i].Width	Item[i].Demand
*****************************************************************************************************
1
40	40
78
29	14	1
22	19	1
11	34	1
4	8	1
20	7	1
22	5	1
15	20	1
21	15	1
35	31	1
29	18	1
24	7	1
15	6	1
10	34	1
28	19	1
32	1	1
27	1	1
35	15	1
16	15	1
12	22	1
9	31	1
2	14	1
34	27	1
20	31	1
25	33	1
23	17	1
33	16	1
15	1	1
14	27	1
13	20	2
8	23	1
7	21	1
30	9	1
2	30	1
2	35	1
14	17	1
33	22	1
34	33	1
35	10	1
32	33	1
33	15	1
23	23	1
32	29	2
34	18	1
35	9	1
2	4	1
5	2	1
4	9	1
8	11	1
34	3	1
11	28	1
15	2	1
31	24	1
20	32	1
24	12	1
29	29	1
30	21	1
35	7	1
29	19	1
8	29	1
14	22	1
32	28	1
23	21	1
29	21	1
1	22	1
4	33	1
12	4	1
8	35	1
23	30	1
31	7	1
16	33	1
9	11	1
18	30	1
27	16	1
32	12	1
6	2	1
4	18	1
22	32	1
19	5	1
