***2D Rectangular Problem***
***Instances for the Single Stock Size Cutting Stock Problem (SSSCSP)***
Input parameter file: none_it_is_the_cl_07_100_02_from_CLASS
****************************************************************************************************
Total number of instances 
LargeObject.Length	LargeObject.Width
Number of different item types (i)
Item[i].Length	Item[i].Width	Item[i].Demand
*****************************************************************************************************
1
100	100
97
25	39	1
76	6	2
37	48	1
9	72	1
84	10	1
6	42	1
44	82	1
70	2	1
92	42	1
72	40	1
12	74	1
74	37	1
82	50	1
42	13	1
90	21	1
49	43	1
1	80	1
89	25	1
78	48	1
98	10	1
92	4	1
92	48	1
12	37	1
70	39	1
39	99	1
67	33	1
78	38	2
84	30	1
100	5	1
86	30	1
90	50	1
72	33	1
23	81	1
63	73	1
68	47	1
71	2	1
78	8	1
68	9	1
10	23	1
68	44	1
86	40	1
7	6	1
28	10	1
74	47	1
68	34	1
70	64	1
70	10	1
88	11	1
93	39	1
98	35	1
99	21	1
75	38	1
90	5	1
89	18	1
66	43	1
70	26	1
44	34	1
33	11	1
76	27	1
61	75	1
15	24	1
93	66	1
94	23	1
78	86	1
98	25	1
65	84	1
29	87	1
69	9	1
40	92	1
100	13	1
85	50	1
97	44	1
97	14	2
45	67	1
93	31	1
98	40	1
74	1	1
67	5	1
74	23	1
11	48	1
94	49	1
80	19	1
98	28	1
90	18	1
87	9	1
2	96	1
95	43	1
80	49	1
33	87	1
96	32	1
100	70	1
79	42	1
48	31	1
20	10	1
79	97	1
21	72	1
63	91	1
