***2D Rectangular Problem***
***Instances for the Single Stock Size Cutting Stock Problem (SSSCSP)***
Input parameter file: none_it_is_the_cl_08_060_01_from_CLASS
****************************************************************************************************
Total number of instances 
LargeObject.Length	LargeObject.Width
Number of different item types (i)
Item[i].Length	Item[i].Width	Item[i].Demand
*****************************************************************************************************
1
100	100
60
29	87	1
25	26	1
40	88	1
44	98	1
29	90	1
16	97	1
47	95	1
41	80	1
42	66	1
19	83	1
15	75	1
49	71	1
76	29	1
88	19	1
45	98	1
20	70	1
2	78	1
9	81	1
36	42	1
2	77	1
49	78	1
47	92	1
40	48	1
45	92	1
57	80	1
47	77	1
4	76	1
1	81	1
29	68	1
8	69	1
31	97	1
18	77	1
60	90	1
80	56	1
19	91	1
46	82	1
5	91	1
15	79	1
19	93	1
86	93	1
11	98	1
11	96	1
31	69	1
88	73	1
85	17	1
19	86	1
68	32	1
2	76	1
8	100	1
88	77	1
39	79	1
28	78	1
48	95	1
20	91	1
36	79	1
15	89	1
1	99	1
12	71	1
44	87	1
13	73	1
