***2D Rectangular Problem***
***Instances for the Single Stock Size Cutting Stock Problem (SSSCSP)***
Input parameter file: none_it_is_the_cl_05_060_07_from_CLASS
****************************************************************************************************
Total number of instances 
LargeObject.Length	LargeObject.Width
Number of different item types (i)
Item[i].Length	Item[i].Width	Item[i].Demand
*****************************************************************************************************
1
100	100
60
42	79	1
73	21	1
45	40	1
78	94	1
28	70	1
85	92	1
70	14	1
39	26	1
81	49	1
18	40	1
5	87	1
32	12	1
21	72	1
27	54	1
40	81	1
81	10	1
6	27	1
3	56	1
96	53	1
40	6	1
22	37	1
67	2	1
29	91	1
98	24	1
94	58	1
75	81	1
28	16	1
77	19	1
76	77	1
15	14	1
16	85	1
34	79	1
58	18	1
10	58	1
47	87	1
56	28	1
61	37	1
16	1	1
10	44	1
67	21	1
40	21	1
20	66	1
29	11	1
21	46	1
86	93	1
47	7	1
57	78	1
8	26	1
20	9	1
50	15	1
86	65	1
50	17	1
98	58	1
19	10	1
35	30	1
2	7	1
8	61	1
76	50	1
62	61	1
53	18	1
