***2D Rectangular Problem***
***Instances for the Single Stock Size Cutting Stock Problem (SSSCSP)***
Input parameter file: none_it_is_the_cl_08_060_02_from_CLASS
****************************************************************************************************
Total number of instances 
LargeObject.Length	LargeObject.Width
Number of different item types (i)
Item[i].Length	Item[i].Width	Item[i].Demand
*****************************************************************************************************
1
100	100
60
7	70	1
12	95	1
36	95	1
49	99	1
43	86	1
39	87	1
28	80	1
87	42	1
41	15	1
27	87	1
32	11	1
25	99	1
1	73	1
27	43	1
48	74	1
31	76	1
22	78	1
39	76	1
25	84	1
49	96	1
5	92	1
12	66	1
13	67	1
28	90	1
50	79	1
47	99	1
14	93	1
19	92	1
6	74	1
44	69	1
26	92	1
22	66	1
24	77	1
51	75	1
100	48	1
36	85	1
4	88	1
22	70	1
90	20	1
73	15	1
45	73	1
4	66	1
32	68	1
100	14	1
48	100	1
47	69	1
41	100	1
48	83	1
13	66	1
67	22	1
12	70	1
59	97	1
39	75	1
19	100	1
44	83	1
32	87	1
27	92	1
48	93	1
38	69	1
16	84	1
