***2D Rectangular Problem***
***Instances for the Single Stock Size Cutting Stock Problem (SSSCSP)***
Input parameter file: none_it_is_the_cl_03_080_04_from_CLASS
****************************************************************************************************
Total number of instances 
LargeObject.Length	LargeObject.Width
Number of different item types (i)
Item[i].Length	Item[i].Width	Item[i].Demand
*****************************************************************************************************
1
40	40
78
34	2	1
11	2	1
30	24	1
31	16	1
31	11	1
28	16	1
29	16	1
18	6	1
28	29	1
29	35	1
8	19	1
29	26	1
31	3	1
34	18	1
33	7	1
1	26	1
27	35	1
4	8	1
7	34	1
23	3	1
11	29	1
16	26	1
20	25	1
21	34	1
26	2	1
20	31	1
33	23	2
4	33	1
21	22	1
12	33	1
18	14	1
25	33	1
28	26	1
35	14	1
30	28	1
11	4	1
18	34	1
3	7	1
31	2	1
4	3	1
13	6	1
18	20	1
27	27	1
24	25	1
7	21	1
17	35	1
3	28	1
33	8	1
8	28	1
19	16	1
26	14	1
2	6	1
2	23	1
21	4	1
33	3	1
22	15	1
19	14	1
31	19	1
9	27	2
18	9	1
31	20	1
19	23	1
33	6	1
24	3	1
23	22	1
2	11	1
17	3	1
28	5	1
8	1	1
12	23	1
35	8	1
16	10	1
10	30	1
26	4	1
8	15	1
21	2	1
4	17	1
10	24	1
