***2D Rectangular Problem***
***Instances for the Single Stock Size Cutting Stock Problem (SSSCSP)***
Input parameter file: none_it_is_the_cl_05_080_08_from_CLASS
****************************************************************************************************
Total number of instances 
LargeObject.Length	LargeObject.Width
Number of different item types (i)
Item[i].Length	Item[i].Width	Item[i].Demand
*****************************************************************************************************
1
100	100
80
55	6	1
7	31	1
71	40	1
1	22	1
88	99	1
54	27	1
53	94	1
75	23	1
43	69	1
11	21	1
68	2	1
38	67	1
74	5	1
67	37	1
38	21	1
44	44	1
72	29	1
45	31	1
19	39	1
82	76	1
57	96	1
100	90	1
99	78	1
76	18	1
87	96	1
21	37	1
100	95	1
80	59	1
49	52	1
30	28	1
78	77	1
83	22	1
65	17	1
82	52	1
22	48	1
7	62	1
93	82	1
68	30	1
54	62	1
9	68	1
19	68	1
8	19	1
30	9	1
76	62	1
67	31	1
58	7	1
39	11	1
32	99	1
92	60	1
8	16	1
2	23	1
31	69	1
83	78	1
79	3	1
76	35	1
63	95	1
61	39	1
27	55	1
49	67	1
50	30	1
84	32	1
41	96	1
44	77	1
47	65	1
39	81	1
44	80	1
15	53	1
43	21	1
49	39	1
90	97	1
53	17	1
61	54	1
70	97	1
68	69	1
78	25	1
56	53	1
90	77	1
2	51	1
48	65	1
17	41	1
