***2D Rectangular Problem***
***Instances for the Single Stock Size Cutting Stock Problem (SSSCSP)***
Input parameter file: none_it_is_the_cl_05_080_04_from_CLASS
****************************************************************************************************
Total number of instances 
LargeObject.Length	LargeObject.Width
Number of different item types (i)
Item[i].Length	Item[i].Width	Item[i].Demand
*****************************************************************************************************
1
100	100
80
98	4	1
30	4	1
86	66	1
87	46	1
88	32	1
79	46	1
82	44	1
52	15	1
78	81	1
82	98	1
21	54	1
82	72	1
89	8	1
96	49	1
93	19	1
1	73	1
77	100	1
9	22	1
20	95	1
64	7	1
31	81	1
44	72	1
57	70	1
59	95	1
74	5	1
55	88	1
93	66	1
9	94	1
60	62	1
33	92	1
51	39	1
70	92	1
78	74	1
98	40	1
86	78	1
30	12	1
52	96	1
8	20	1
87	5	1
11	8	1
35	17	1
50	55	1
76	76	1
69	71	1
18	60	1
46	100	1
8	80	1
93	21	1
23	80	1
53	45	1
74	38	1
5	16	1
4	66	1
60	11	1
94	7	1
61	43	1
52	40	1
88	54	1
24	75	1
50	24	1
88	58	1
93	64	1
54	65	1
93	17	1
67	8	1
63	61	1
5	31	1
47	8	1
79	13	1
22	2	1
33	64	1
100	21	1
46	28	1
25	75	1
27	84	1
75	11	1
23	43	1
60	4	1
10	49	1
26	66	1
