***2D Rectangular Problem***
***Instances for the Single Stock Size Cutting Stock Problem (SSSCSP)***
Input parameter file: none_it_is_the_cl_07_100_03_from_CLASS
****************************************************************************************************
Total number of instances 
LargeObject.Length	LargeObject.Width
Number of different item types (i)
Item[i].Length	Item[i].Width	Item[i].Demand
*****************************************************************************************************
1
100	100
99
78	12	1
85	44	1
90	94	1
98	34	1
76	5	1
95	27	1
96	43	1
76	23	1
83	10	1
77	22	1
72	4	1
47	82	1
98	26	1
4	85	1
91	26	1
93	36	1
80	53	1
67	47	1
84	10	1
44	11	1
83	44	1
74	27	1
84	5	1
59	97	1
87	45	2
90	19	1
93	12	1
92	44	1
100	8	1
78	22	1
74	31	1
84	3	1
86	32	1
75	37	1
99	12	1
85	24	1
21	78	1
21	75	1
97	4	1
94	7	1
82	17	1
39	67	1
69	8	1
76	1	1
92	26	1
79	3	1
83	23	1
66	7	1
76	48	1
73	14	1
8	100	1
99	24	1
3	31	1
75	38	1
66	39	1
57	53	1
67	25	1
86	23	1
7	39	1
29	45	1
75	32	1
70	19	1
25	2	1
74	47	1
91	50	1
97	28	1
68	25	1
6	73	1
72	79	1
97	48	1
96	11	1
74	37	1
78	21	1
70	30	1
98	8	1
86	25	1
84	23	1
87	23	1
72	17	1
72	24	1
98	38	1
76	28	1
90	37	1
100	35	1
85	14	1
74	45	1
81	19	1
3	70	1
21	2	1
21	23	1
81	13	1
17	94	1
83	2	1
94	13	1
88	19	1
93	87	1
95	13	1
82	15	1
69	36	1
