***2D Rectangular Problem***
***Instances for the Single Stock Size Cutting Stock Problem (SSSCSP)***
Input parameter file: none_it_is_the_cl_09_100_06_from_CLASS
****************************************************************************************************
Total number of instances 
LargeObject.Length	LargeObject.Width
Number of different item types (i)
Item[i].Length	Item[i].Width	Item[i].Demand
*****************************************************************************************************
1
100	100
100
87	85	1
74	74	1
18	75	1
88	98	1
27	97	1
53	99	1
63	78	1
24	85	1
78	65	1
46	35	1
70	55	1
70	70	1
90	98	1
99	83	1
89	94	1
79	74	1
64	92	1
63	93	1
68	94	1
100	89	1
1	99	1
90	64	1
11	69	1
82	66	1
99	65	1
85	47	1
64	79	1
76	55	1
57	95	1
77	92	1
79	63	1
32	69	1
79	86	1
89	98	1
7	11	1
100	18	1
61	88	1
62	65	1
95	69	1
78	92	1
55	52	1
47	46	1
45	39	1
68	77	1
12	85	1
94	87	1
56	70	1
71	74	1
30	77	1
51	90	1
31	14	1
85	83	1
58	65	1
71	54	1
65	69	1
60	53	1
100	76	1
52	81	1
62	86	1
98	86	1
52	99	1
46	78	1
71	64	1
97	79	1
67	83	1
50	68	1
91	54	1
57	85	1
93	79	1
67	79	1
23	6	1
80	51	1
31	37	1
45	3	1
66	69	1
63	81	1
80	55	1
85	87	1
22	97	1
9	80	1
91	86	1
91	34	1
39	87	1
17	24	1
63	79	1
50	42	1
67	80	1
36	38	1
98	83	1
82	11	1
57	90	1
66	62	1
94	99	1
60	93	1
59	61	1
58	100	1
67	27	1
72	36	1
72	95	1
62	99	1
