***2D Rectangular Problem***
***Instances for the Single Stock Size Cutting Stock Problem (SSSCSP)***
Input parameter file: none_it_is_the_cl_07_060_10_from_CLASS
****************************************************************************************************
Total number of instances 
LargeObject.Length	LargeObject.Width
Number of different item types (i)
Item[i].Length	Item[i].Width	Item[i].Demand
*****************************************************************************************************
1
100	100
60
38	90	1
82	24	1
78	14	1
88	98	1
84	45	1
68	49	1
75	29	1
82	28	1
28	76	1
46	35	1
79	6	1
21	79	1
94	48	1
99	33	1
92	44	1
86	24	1
15	95	1
75	43	1
79	44	1
100	40	1
66	48	1
40	75	1
73	6	1
82	66	1
49	76	1
85	47	1
64	79	1
84	6	1
71	45	1
28	94	1
30	75	1
88	6	1
86	36	1
93	48	1
7	11	1
100	18	1
61	88	1
74	16	1
97	19	1
85	42	1
69	3	1
47	46	1
45	39	1
19	84	1
74	29	1
96	37	1
56	70	1
80	25	1
86	16	1
66	40	1
31	14	1
90	33	1
72	16	1
80	5	1
76	20	1
73	4	1
50	84	1
67	31	1
62	86	1
98	86	1
