***2D Rectangular Problem***
***Instances for the Single Stock Size Cutting Stock Problem (SSSCSP)***
Input parameter file: none_it_is_the_cl_06_100_02_from_CLASS
****************************************************************************************************
Total number of instances 
LargeObject.Length	LargeObject.Width
Number of different item types (i)
Item[i].Length	Item[i].Width	Item[i].Demand
*****************************************************************************************************
1
300	300
100
77	95	1
53	50	1
30	11	1
95	100	1
73	73	1
18	19	1
19	60	1
99	52	1
12	83	1
49	76	1
30	87	1
13	3	1
84	48	1
68	77	1
19	79	1
26	76	1
11	24	1
31	11	1
73	60	1
60	26	1
48	99	1
26	99	1
15	84	1
72	42	1
85	95	1
76	98	1
1	41	1
49	46	1
42	68	1
36	96	1
20	53	1
15	94	1
77	7	1
96	16	1
93	75	1
24	74	1
78	34	1
77	12	1
77	96	1
66	9	1
67	5	1
35	75	1
60	39	1
63	54	1
100	9	1
60	25	1
64	59	1
70	99	1
65	67	1
72	20	1
46	45	1
76	65	1
85	36	1
28	47	1
93	19	1
4	8	1
15	4	1
16	28	1
29	37	1
9	18	1
45	94	1
60	20	1
8	87	1
80	15	1
96	60	1
14	12	1
20	92	1
39	56	1
25	93	1
67	25	1
87	7	1
41	29	1
19	13	1
41	15	1
64	22	1
77	58	1
1	78	1
93	70	1
41	58	1
67	97	1
27	75	1
10	14	1
38	71	1
67	35	1
86	26	1
16	2	1
13	51	1
67	94	1
99	88	1
65	22	1
54	18	1
88	31	1
23	50	1
47	97	1
83	29	1
86	33	1
46	33	1
84	83	1
56	72	1
50	24	1
