***2D Rectangular Problem***
***Instances for the Single Stock Size Cutting Stock Problem (SSSCSP)***
Input parameter file: none_it_is_the_cl_05_100_01_from_CLASS
****************************************************************************************************
Total number of instances 
LargeObject.Length	LargeObject.Width
Number of different item types (i)
Item[i].Length	Item[i].Width	Item[i].Demand
*****************************************************************************************************
1
100	100
100
95	36	1
14	91	1
16	36	1
91	93	1
61	17	1
82	98	1
43	56	1
65	49	1
5	65	1
50	25	1
25	87	1
83	38	1
14	100	1
40	30	1
17	16	1
33	81	1
11	80	1
7	1	1
8	68	1
38	35	1
52	92	1
39	60	1
21	96	1
54	88	1
26	58	1
60	63	1
11	90	1
68	62	1
54	35	1
24	98	1
67	72	1
4	14	1
93	12	1
21	88	1
11	98	1
18	31	1
31	10	1
73	88	1
98	57	1
97	37	1
90	85	1
35	88	1
19	70	1
64	86	1
27	25	1
96	9	1
94	94	1
75	68	1
29	54	1
79	8	1
79	17	1
19	5	1
20	27	1
39	72	1
64	62	1
17	52	1
54	32	1
65	24	1
70	83	1
26	98	1
21	92	1
79	20	1
53	71	1
34	66	1
43	63	1
36	49	1
2	46	1
63	11	1
75	32	1
26	32	1
40	66	1
70	22	1
7	24	1
72	26	1
21	18	1
42	21	1
59	92	1
27	19	1
34	24	1
3	64	1
89	26	1
82	33	1
3	41	1
7	39	1
85	48	1
58	25	1
81	58	1
44	69	1
69	14	1
11	82	1
59	96	1
36	9	1
97	13	1
30	28	1
59	10	1
38	49	1
57	66	1
38	17	1
35	91	1
40	10	1
