***2D Rectangular Problem***
***Instances for the Single Stock Size Cutting Stock Problem (SSSCSP)***
Input parameter file: none_it_is_the_cl_04_100_01_from_CLASS
****************************************************************************************************
Total number of instances 
LargeObject.Length	LargeObject.Width
Number of different item types (i)
Item[i].Length	Item[i].Width	Item[i].Demand
*****************************************************************************************************
1
100	100
98
34	13	2
5	32	1
6	13	1
32	33	1
22	6	1
29	34	1
15	20	1
23	17	1
2	23	1
18	9	1
9	31	1
29	14	1
5	35	1
14	11	1
6	6	1
12	29	1
4	28	1
3	1	1
3	24	1
14	13	1
19	32	1
14	21	1
8	34	1
19	31	1
9	21	1
21	22	1
4	32	1
24	22	1
19	13	1
9	35	2
24	26	1
2	5	1
33	4	1
8	31	1
4	35	1
7	11	1
11	4	1
26	31	1
35	20	1
32	30	1
12	31	1
7	25	1
23	31	1
10	9	1
34	4	1
33	33	1
27	24	1
11	19	1
28	3	1
28	6	1
7	2	1
7	10	1
14	25	1
23	22	1
6	19	1
19	12	1
23	9	1
25	29	1
8	33	1
28	7	1
19	25	1
12	24	1
15	22	1
13	17	1
1	17	1
23	4	1
27	12	1
10	12	1
14	23	1
25	8	1
3	9	1
25	9	1
8	6	1
15	8	1
21	32	1
10	7	1
12	9	1
1	23	1
32	9	1
29	12	1
1	15	1
3	14	1
30	17	1
21	9	1
29	21	1
16	24	1
24	5	1
4	29	1
21	34	1
13	4	1
34	5	1
11	10	1
21	4	1
14	18	1
20	24	1
13	6	1
13	32	1
14	4	1
