***2D Rectangular Problem***
***Instances for the Single Stock Size Cutting Stock Problem (SSSCSP)***
Input parameter file: none_it_is_the_cl_04_100_10_from_CLASS
****************************************************************************************************
Total number of instances 
LargeObject.Length	LargeObject.Width
Number of different item types (i)
Item[i].Length	Item[i].Width	Item[i].Demand
*****************************************************************************************************
1
100	100
99
31	27	1
8	8	1
32	4	1
29	20	1
7	8	1
20	33	1
29	33	1
8	28	1
10	13	1
31	31	1
11	32	1
2	11	1
1	13	1
16	20	1
31	30	2
7	14	1
23	28	1
27	33	1
15	1	1
32	21	1
25	20	1
26	6	1
8	33	1
25	27	1
3	31	1
21	30	1
27	19	1
18	6	1
1	11	1
34	35	1
18	12	1
2	26	1
18	14	1
2	32	1
10	6	1
3	13	1
23	2	1
21	5	1
26	30	1
12	27	1
33	25	1
15	33	1
2	35	1
12	29	1
7	20	1
29	29	1
29	17	1
1	26	1
24	7	1
12	25	1
32	18	1
20	5	1
33	17	1
30	28	1
19	22	1
20	29	1
29	23	1
19	23	1
10	26	1
31	3	1
22	10	1
1	7	1
35	2	1
27	15	1
30	7	1
6	21	1
33	6	1
26	28	1
14	24	1
7	16	1
23	32	1
24	12	1
18	10	1
23	21	1
2	20	1
31	24	1
25	30	1
16	12	1
11	22	1
29	24	1
32	23	1
27	5	1
35	1	1
15	19	1
11	8	1
8	34	1
35	35	1
32	30	1
18	16	1
23	35	1
20	2	1
30	17	1
12	19	1
10	28	1
9	3	1
4	24	1
2	3	1
25	9	1
32	12	1
