***2D Rectangular Problem***
***Instances for the Single Stock Size Cutting Stock Problem (SSSCSP)***
Input parameter file: none_it_is_the_cl_09_060_03_from_CLASS
****************************************************************************************************
Total number of instances 
LargeObject.Length	LargeObject.Width
Number of different item types (i)
Item[i].Length	Item[i].Width	Item[i].Demand
*****************************************************************************************************
1
100	100
60
68	76	1
99	71	1
99	79	1
86	94	1
56	85	1
77	95	1
93	94	1
71	74	1
56	54	1
68	80	1
99	20	1
18	76	1
68	87	1
70	78	1
77	7	1
26	18	1
92	80	1
84	87	1
96	56	1
97	33	1
77	85	1
59	56	1
87	67	1
77	59	1
74	51	1
47	39	1
90	90	1
70	97	1
88	31	1
96	83	1
53	74	1
75	97	1
67	21	1
56	88	1
80	69	1
91	57	1
85	72	1
79	55	1
67	77	1
69	81	1
78	85	1
62	84	1
66	97	1
72	16	1
83	60	1
58	75	1
78	77	1
60	61	1
50	97	1
16	84	1
50	70	1
73	70	1
79	96	1
35	94	1
85	74	1
99	90	1
19	69	1
65	66	1
81	90	1
90	21	1
