***2D Rectangular Problem***
***Instances for the Single Stock Size Cutting Stock Problem (SSSCSP)***
Input parameter file: none_it_is_the_cl_10_080_02_from_CLASS
****************************************************************************************************
Total number of instances 
LargeObject.Length	LargeObject.Width
Number of different item types (i)
Item[i].Length	Item[i].Width	Item[i].Demand
*****************************************************************************************************
1
100	100
80
5	43	1
9	39	1
2	42	1
27	79	1
2	19	1
22	5	1
6	23	1
46	43	1
12	6	1
98	33	1
21	17	1
27	84	1
33	6	1
34	23	1
48	81	1
19	22	1
16	17	1
32	24	1
37	39	1
23	29	1
10	39	1
42	37	1
37	18	1
89	98	1
17	24	1
63	61	1
99	8	1
16	29	1
34	20	1
47	49	1
23	10	1
5	21	1
63	77	1
42	47	1
8	81	1
6	25	1
69	47	1
48	7	1
69	48	1
19	41	1
71	28	1
17	85	1
14	90	1
43	78	1
22	21	1
47	11	1
34	34	1
28	7	1
49	25	1
38	6	1
16	96	1
26	8	1
36	41	1
41	12	1
10	16	1
35	20	1
36	19	1
6	30	1
76	49	1
55	94	1
47	8	1
83	59	1
32	44	1
38	29	1
79	9	1
21	2	1
11	1	1
32	27	1
4	22	1
21	5	1
1	20	1
38	36	1
1	46	1
33	79	1
3	50	1
69	6	1
8	32	1
6	46	1
17	42	1
34	39	1
