***2D Rectangular Problem***
***Instances for the Single Stock Size Cutting Stock Problem (SSSCSP)***
Input parameter file: none_it_is_the_cl_10_100_04_from_CLASS
****************************************************************************************************
Total number of instances 
LargeObject.Length	LargeObject.Width
Number of different item types (i)
Item[i].Length	Item[i].Width	Item[i].Demand
*****************************************************************************************************
1
100	100
99
17	36	1
18	26	1
63	54	1
72	64	1
38	26	1
29	32	1
40	50	1
88	76	1
20	28	1
1	49	1
27	8	1
17	49	1
13	41	1
90	27	1
27	27	1
6	34	1
78	16	1
31	18	2
87	57	1
8	30	1
90	3	1
38	20	1
10	1	1
21	38	1
63	50	1
7	34	1
45	5	1
46	8	1
4	11	1
38	9	1
91	70	1
32	39	1
6	33	1
30	98	1
99	48	1
30	32	1
69	66	1
34	45	1
78	37	1
90	86	1
44	11	1
49	6	1
99	88	1
12	3	1
27	28	1
42	1	1
45	31	1
30	37	1
16	12	1
46	25	1
39	79	1
40	77	1
16	7	1
12	11	1
46	22	1
61	57	1
28	14	1
40	9	1
14	35	1
45	12	1
2	33	1
85	18	1
44	72	1
94	27	1
38	14	1
30	39	1
35	46	1
47	3	1
35	6	1
43	21	1
88	93	1
16	42	1
44	9	1
17	15	1
3	67	1
97	42	1
15	25	1
67	21	1
30	25	1
38	4	1
47	2	1
1	39	1
18	8	1
91	77	1
41	41	1
10	18	1
17	2	1
7	74	1
97	91	1
31	9	1
29	71	1
34	9	1
63	53	1
14	11	1
51	76	1
22	17	1
43	27	1
57	75	1
37	6	1
