***2D Rectangular Problem***
***Instances for the Single Stock Size Cutting Stock Problem (SSSCSP)***
Input parameter file: none_it_is_the_cl_10_060_02_from_CLASS
****************************************************************************************************
Total number of instances 
LargeObject.Length	LargeObject.Width
Number of different item types (i)
Item[i].Length	Item[i].Width	Item[i].Demand
*****************************************************************************************************
1
100	100
59
7	7	1
12	43	1
36	42	1
49	99	1
43	30	1
39	31	1
28	21	1
87	42	1
41	15	1
27	31	1
32	11	1
75	98	1
1	11	1
27	43	1
48	13	1
31	16	1
22	78	1
39	16	1
25	27	1
49	45	1
5	92	1
61	50	1
13	2	1
28	90	1
50	19	1
97	98	1
14	39	1
68	88	1
6	12	1
44	6	1
76	88	2
22	2	1
24	17	1
2	26	1
100	48	1
85	77	1
53	82	1
22	7	1
90	20	1
73	15	1
45	11	1
4	1	1
82	53	1
100	14	1
48	50	1
47	6	1
41	49	1
48	25	1
13	1	1
67	22	1
12	6	1
9	47	1
39	75	1
19	50	1
44	25	1
32	31	1
48	40	1
38	5	1
16	27	1
