***2D Rectangular Problem***
***Instances for the Single Stock Size Cutting Stock Problem (SSSCSP)***
Input parameter file: none_it_is_the_cl_10_100_07_from_CLASS
****************************************************************************************************
Total number of instances 
LargeObject.Length	LargeObject.Width
Number of different item types (i)
Item[i].Length	Item[i].Width	Item[i].Demand
*****************************************************************************************************
1
100	100
99
21	24	1
4	3	1
12	26	1
41	12	1
70	5	1
69	24	1
54	62	1
48	40	1
5	48	1
19	8	1
9	12	1
18	29	1
15	3	1
96	3	1
24	22	1
49	30	1
36	19	1
31	10	1
66	44	1
41	42	1
20	47	1
86	28	1
40	28	1
46	77	1
64	87	1
40	8	1
41	82	1
73	2	1
80	38	1
12	50	1
67	31	1
89	100	1
92	1	1
95	52	1
27	100	1
29	9	1
68	75	1
40	18	1
13	30	1
30	30	1
10	12	1
47	45	1
72	22	1
92	62	1
13	10	1
16	33	1
19	26	1
17	7	1
28	20	1
46	33	1
40	41	1
3	13	1
4	41	1
38	97	1
22	78	1
50	80	1
43	24	1
41	19	1
16	7	1
72	10	1
42	19	1
7	4	1
22	8	1
31	100	1
4	25	1
33	50	1
39	20	1
14	3	1
27	43	1
22	9	1
18	44	2
8	17	1
12	23	1
81	29	1
71	29	1
14	43	1
8	14	1
34	10	1
11	26	1
32	31	1
16	77	1
8	4	1
25	35	1
11	30	1
36	87	1
43	9	1
50	6	1
2	41	1
17	8	1
40	26	1
37	92	1
5	13	1
10	46	1
48	4	1
36	32	1
19	48	1
15	45	1
47	37	1
97	43	1
