***2D Rectangular Problem***
***Instances for the Single Stock Size Cutting Stock Problem (SSSCSP)***
Input parameter file: none_it_is_the_cl_10_080_06_from_CLASS
****************************************************************************************************
Total number of instances 
LargeObject.Length	LargeObject.Width
Number of different item types (i)
Item[i].Length	Item[i].Width	Item[i].Demand
*****************************************************************************************************
1
100	100
80
45	14	1
33	22	1
21	50	1
4	16	1
50	13	1
3	12	1
32	5	1
86	12	1
16	25	1
90	14	1
4	22	1
18	19	1
45	48	1
28	27	1
38	1	1
77	38	1
84	82	1
83	51	1
34	42	1
28	19	1
36	29	1
50	92	1
91	94	1
66	12	1
49	37	1
29	37	1
59	57	1
35	16	1
24	6	1
19	47	1
40	33	1
31	32	1
59	87	1
21	19	1
88	20	1
39	9	1
8	31	1
35	3	1
37	19	1
8	49	1
18	35	1
10	48	1
2	29	1
39	49	1
39	2	1
47	4	1
30	2	1
32	12	1
23	29	1
45	23	1
68	85	1
36	91	1
17	19	1
5	3	1
19	31	1
67	22	1
73	70	1
27	44	1
31	38	1
80	69	1
92	83	1
11	48	1
5	7	1
19	29	1
22	8	1
55	62	1
41	91	1
20	50	1
13	44	1
13	40	1
38	29	1
33	88	1
16	42	1
31	28	1
47	33	1
7	27	1
31	2	1
61	78	1
18	49	1
43	32	1
