***2D Rectangular Problem***
***Instances for the Single Stock Size Cutting Stock Problem (SSSCSP)***
Input parameter file: none_it_is_the_cl_10_060_06_from_CLASS
****************************************************************************************************
Total number of instances 
LargeObject.Length	LargeObject.Width
Number of different item types (i)
Item[i].Length	Item[i].Width	Item[i].Demand
*****************************************************************************************************
1
100	100
60
71	22	1
12	29	1
65	55	1
75	21	1
26	17	1
44	76	1
39	7	1
2	12	1
4	24	1
38	12	1
73	69	1
2	15	1
45	43	1
96	21	1
19	96	1
14	30	1
47	23	1
12	42	1
77	80	1
37	6	1
10	15	1
41	24	1
47	28	1
81	45	1
36	18	1
31	18	1
77	87	1
19	44	1
23	89	1
34	24	1
80	8	1
84	6	1
80	10	1
48	41	1
83	41	1
47	29	1
81	99	1
24	20	1
41	35	1
28	14	1
4	49	1
11	72	1
19	41	1
22	10	1
87	60	1
72	13	1
9	9	1
27	18	1
33	89	1
70	76	1
10	38	1
43	92	1
90	69	1
43	2	1
23	29	1
21	19	1
8	17	1
77	89	1
97	82	1
11	13	1
