***2D Rectangular Problem***
***Instances for the Single Stock Size Cutting Stock Problem (SSSCSP)***
Input parameter file: none_it_is_the_cl_10_080_10_from_CLASS
****************************************************************************************************
Total number of instances 
LargeObject.Length	LargeObject.Width
Number of different item types (i)
Item[i].Length	Item[i].Width	Item[i].Demand
*****************************************************************************************************
1
100	100
79
36	38	1
34	1	1
1	26	1
7	9	1
94	66	1
33	44	1
15	10	1
61	57	1
64	56	1
43	100	1
41	6	1
28	79	1
46	9	1
65	66	1
85	14	2
6	42	1
93	22	1
49	46	1
28	33	1
46	27	1
45	47	1
97	36	1
39	14	1
47	23	1
12	34	1
2	38	1
12	6	1
10	31	1
40	32	1
21	2	1
46	11	1
35	1	1
31	42	1
66	28	1
43	27	1
21	32	1
88	14	1
44	15	1
100	53	1
20	25	1
46	47	1
98	63	1
69	93	1
79	80	1
80	42	1
63	74	1
1	44	1
50	96	1
8	49	1
41	46	1
43	7	1
34	24	1
70	17	1
30	30	1
48	31	1
17	47	1
30	26	1
14	17	1
35	15	1
39	39	1
43	33	1
41	14	1
3	28	1
72	92	1
17	1	1
80	73	1
88	3	1
17	8	1
2	32	1
32	45	1
24	39	1
24	34	1
50	24	1
44	27	1
28	91	1
43	23	1
8	85	1
19	21	1
42	98	1
