***2D Rectangular Problem***
***Instances for the Single Stock Size Cutting Stock Problem (SSSCSP)***
Input parameter file: none_it_is_the_cl_10_100_01_from_CLASS
****************************************************************************************************
Total number of instances 
LargeObject.Length	LargeObject.Width
Number of different item types (i)
Item[i].Length	Item[i].Width	Item[i].Demand
*****************************************************************************************************
1
100	100
98
46	48	1
8	78	1
9	46	1
41	49	1
25	22	1
3	33	1
93	75	1
91	68	1
15	7	1
9	8	1
40	17	2
4	66	1
18	4	1
26	46	1
48	20	1
77	94	1
32	13	1
6	45	1
18	34	1
12	49	1
7	34	1
98	6	1
49	11	1
9	76	1
96	16	1
49	29	1
43	49	1
18	44	1
43	10	1
14	13	1
98	48	1
38	34	1
4	15	1
40	9	1
75	10	1
20	90	1
26	32	1
27	77	1
92	82	1
13	49	1
10	11	1
27	36	1
32	17	1
18	25	1
6	1	1
38	16	1
33	13	1
35	11	1
62	53	1
11	9	1
96	71	1
14	10	1
82	67	1
97	13	1
21	41	1
68	20	1
13	43	1
41	29	1
7	22	1
6	41	1
5	30	1
49	7	1
55	65	1
19	25	1
9	29	1
18	46	1
76	20	1
45	20	2
25	39	1
49	47	1
37	91	1
87	27	1
2	11	1
42	72	1
20	14	1
30	45	1
41	97	1
46	34	1
15	4	1
40	25	1
41	41	1
12	19	1
21	5	1
12	17	1
4	48	1
39	18	1
28	17	1
29	26	1
19	43	1
41	35	1
13	98	1
86	47	1
10	29	1
48	73	1
10	39	1
43	30	1
75	27	1
16	100	1
