***2D Rectangular Problem***
***Instances for the Single Stock Size Cutting Stock Problem (SSSCSP)***
Input parameter file: none_it_is_the_cl_10_080_07_from_CLASS
****************************************************************************************************
Total number of instances 
LargeObject.Length	LargeObject.Width
Number of different item types (i)
Item[i].Length	Item[i].Width	Item[i].Demand
*****************************************************************************************************
1
100	100
80
16	30	1
93	73	1
33	99	1
30	24	1
2	44	1
94	77	1
25	18	1
37	35	1
50	20	1
8	44	1
28	50	1
6	7	1
9	8	1
32	22	1
93	94	1
37	41	1
31	7	1
19	12	1
21	49	1
79	86	1
13	18	1
17	14	1
9	16	1
33	44	1
8	41	1
27	27	1
10	44	1
49	13	1
14	25	1
99	1	1
22	35	1
26	95	1
32	21	1
32	38	1
97	36	1
15	36	1
11	29	1
27	36	1
31	50	1
16	39	1
3	99	1
33	46	1
28	25	1
85	5	1
55	79	1
2	17	1
36	12	1
3	32	1
20	22	1
32	50	1
7	72	1
38	80	1
46	27	1
23	45	1
39	21	1
90	22	1
34	43	1
26	2	1
32	43	1
95	84	1
33	20	1
41	20	1
38	26	1
16	8	1
45	10	1
18	100	1
5	21	1
98	94	1
67	60	1
6	41	1
33	28	1
95	41	1
2	23	1
6	44	1
73	97	1
48	100	1
48	48	1
78	9	1
75	76	1
15	21	1
