***2D Rectangular Problem***
***Instances for the Single Stock Size Cutting Stock Problem (SSSCSP)***
Input parameter file: none_it_is_the_cl_10_100_06_from_CLASS
****************************************************************************************************
Total number of instances 
LargeObject.Length	LargeObject.Width
Number of different item types (i)
Item[i].Length	Item[i].Width	Item[i].Demand
*****************************************************************************************************
1
100	100
97
38	36	1
74	74	1
18	75	1
38	48	1
27	97	1
4	49	1
14	29	3
24	85	1
28	16	1
46	35	1
20	6	1
21	20	1
41	48	1
49	33	1
39	44	1
30	24	1
15	43	1
14	43	1
19	44	1
50	40	1
1	99	1
40	14	1
11	69	1
33	17	1
49	16	1
85	47	1
27	6	1
8	45	1
28	42	1
30	14	1
32	69	1
29	36	1
39	48	1
7	11	1
100	18	1
12	39	1
12	16	1
45	19	1
78	92	1
6	3	1
47	46	1
45	39	1
19	27	1
12	85	1
44	37	1
7	21	1
21	25	1
30	77	1
2	40	1
31	14	1
35	33	1
9	16	1
22	5	1
65	69	1
11	4	1
50	26	1
3	31	1
13	36	1
48	36	1
3	49	1
46	78	1
21	15	1
47	30	1
17	33	1
1	19	1
41	5	1
57	85	1
43	29	1
17	30	2
23	6	1
30	2	1
31	37	1
45	3	1
17	20	1
14	31	1
30	6	1
35	37	1
22	97	1
9	80	1
41	37	1
91	34	1
39	87	1
17	24	1
50	42	1
36	38	1
49	34	1
82	11	1
8	40	1
66	62	1
45	49	1
11	43	1
9	12	1
9	50	1
67	27	1
72	36	1
23	45	1
13	49	1
