***2D Rectangular Problem***
***Instances for the Single Stock Size Cutting Stock Problem (SSSCSP)***
Input parameter file: none_it_is_the_cl_10_100_03_from_CLASS
****************************************************************************************************
Total number of instances 
LargeObject.Length	LargeObject.Width
Number of different item types (i)
Item[i].Length	Item[i].Width	Item[i].Demand
*****************************************************************************************************
1
100	100
98
78	12	1
29	44	1
40	45	1
47	34	1
16	5	1
92	77	1
44	43	1
16	23	1
26	10	1
18	22	2
10	4	1
47	24	1
47	26	1
4	29	1
37	26	1
89	86	1
30	4	1
3	47	1
84	10	1
44	11	2
25	44	1
13	84	1
27	5	1
10	47	1
32	97	1
85	68	1
39	12	1
92	44	1
100	8	1
13	31	1
27	3	1
29	32	1
75	37	1
99	12	1
28	82	1
21	19	1
21	14	1
46	4	1
94	7	1
24	17	1
39	2	1
5	8	1
15	66	1
39	26	1
79	3	1
25	23	1
1	7	1
15	48	1
11	14	1
8	50	1
99	24	1
3	31	1
15	91	1
51	89	1
8	4	1
3	25	1
30	81	1
7	39	1
29	45	1
14	32	1
56	69	1
25	2	1
61	97	1
38	50	1
45	28	1
4	83	1
6	11	1
22	29	1
45	48	1
12	37	1
19	21	1
7	86	1
96	57	1
30	25	1
27	82	1
80	72	1
10	77	1
9	24	1
47	92	1
16	28	1
86	87	1
50	90	1
28	14	1
13	96	1
23	19	1
3	7	1
21	2	1
21	23	1
72	63	1
17	42	1
26	2	1
94	13	1
33	78	1
44	38	1
42	13	1
73	64	1
5	90	1
81	95	1
