***2D Rectangular Problem***
***Instances for the Single Stock Size Cutting Stock Problem (SSSCSP)***
Input parameter file: none_it_is_the_cl_10_060_01_from_CLASS
****************************************************************************************************
Total number of instances 
LargeObject.Length	LargeObject.Width
Number of different item types (i)
Item[i].Length	Item[i].Width	Item[i].Demand
*****************************************************************************************************
1
100	100
60
29	32	1
25	26	1
40	88	1
44	46	1
29	36	1
16	45	1
96	92	1
90	71	1
42	1	1
19	26	1
15	14	1
49	8	1
76	29	1
88	19	1
45	98	1
20	7	1
2	18	1
9	23	1
36	42	1
2	17	1
49	18	1
97	89	1
40	48	1
45	92	1
8	31	1
96	66	1
54	65	1
50	72	1
29	68	1
8	6	1
31	46	1
18	18	1
11	40	1
31	7	1
19	37	1
46	82	1
5	37	1
15	20	1
19	40	1
37	43	1
11	46	1
11	44	1
31	5	1
39	23	1
85	17	1
19	30	1
68	32	1
2	76	1
8	49	1
38	28	1
39	20	1
28	19	1
48	43	1
20	37	1
36	20	1
64	83	1
1	49	1
62	57	1
44	31	1
63	60	1
