***2D Rectangular Problem***
***Instances for the Single Stock Size Cutting Stock Problem (SSSCSP)***
Input parameter file: none_it_is_the_cl_10_100_10_from_CLASS
****************************************************************************************************
Total number of instances 
LargeObject.Length	LargeObject.Width
Number of different item types (i)
Item[i].Length	Item[i].Width	Item[i].Demand
*****************************************************************************************************
1
100	100
98
12	44	1
96	54	1
12	41	1
28	98	1
39	42	1
63	67	1
45	45	1
51	65	1
29	1	1
43	42	1
40	10	1
38	47	1
86	22	1
35	29	1
47	91	1
85	89	1
42	4	1
38	27	1
16	83	1
96	43	1
17	48	1
3	36	1
46	25	1
75	8	1
3	4	1
29	8	1
38	37	1
47	35	1
50	22	1
77	41	1
41	10	1
41	24	1
10	1	1
17	35	1
6	45	1
46	24	1
31	42	2
29	42	1
33	42	1
14	37	1
75	45	1
2	10	1
80	50	1
43	10	1
8	9	1
36	39	1
22	20	1
33	97	1
14	35	1
33	30	1
34	2	1
36	43	1
32	22	1
91	83	1
7	45	1
49	2	1
11	21	1
11	48	2
43	50	1
25	22	1
2	32	1
42	24	1
39	17	1
62	53	1
5	5	1
90	12	1
48	46	1
19	39	1
40	12	1
18	36	1
22	4	1
45	35	1
7	23	1
50	37	1
44	21	1
33	95	1
35	46	1
44	66	1
28	100	1
32	12	1
24	31	1
49	26	1
24	40	1
43	43	1
83	27	1
16	12	1
16	35	1
39	35	1
96	11	1
50	6	1
50	39	1
75	5	1
34	21	1
31	31	1
46	5	1
50	36	1
36	95	1
23	78	1
