***2D Rectangular Problem***
***Instances for the Single Stock Size Cutting Stock Problem (SSSCSP)***
Input parameter file: none_it_is_the_cl_10_060_07_from_CLASS
****************************************************************************************************
Total number of instances 
LargeObject.Length	LargeObject.Width
Number of different item types (i)
Item[i].Length	Item[i].Width	Item[i].Demand
*****************************************************************************************************
1
100	100
60
11	21	1
23	20	1
35	39	1
92	96	1
13	90	1
41	25	1
44	9	1
77	6	1
27	11	1
70	91	1
75	41	1
66	28	1
3	48	1
11	19	1
97	34	1
99	61	1
41	47	1
14	8	1
39	92	1
8	7	1
40	8	1
29	9	1
44	5	1
28	14	1
1	31	1
5	81	1
60	83	1
10	33	1
23	75	1
93	97	1
92	24	1
4	13	1
70	10	1
43	33	1
29	83	1
10	5	1
53	67	1
68	31	1
31	38	1
27	9	1
11	37	1
27	40	1
96	13	1
6	24	1
30	18	1
12	11	1
19	50	1
46	1	1
11	10	1
8	44	1
6	48	1
48	40	1
4	14	1
16	39	1
4	71	1
12	40	1
8	30	1
36	97	1
14	30	1
87	51	1
