***2D Rectangular Problem***
***Instances for the Single Stock Size Cutting Stock Problem (SSSCSP)***
Input parameter file: none_it_is_the_cl_10_100_09_from_CLASS
****************************************************************************************************
Total number of instances 
LargeObject.Length	LargeObject.Width
Number of different item types (i)
Item[i].Length	Item[i].Width	Item[i].Demand
*****************************************************************************************************
1
100	100
98
1	22	1
57	86	1
3	8	2
30	6	2
56	72	1
79	77	1
14	15	1
6	2	1
74	84	1
12	30	1
37	33	1
97	11	1
69	44	1
22	74	1
45	31	1
44	44	1
12	20	1
19	4	1
7	13	1
46	41	1
30	8	1
27	7	1
10	50	1
9	7	1
46	21	1
16	11	1
36	20	1
50	18	1
28	47	1
13	28	1
23	3	1
3	93	1
70	85	1
21	6	1
22	46	1
77	25	1
26	35	1
41	46	1
33	2	1
43	80	1
42	46	1
23	48	1
5	19	1
31	28	1
20	79	1
77	11	1
39	48	1
30	98	1
10	4	1
22	36	1
34	38	1
94	28	1
61	100	1
39	23	1
42	93	1
14	80	1
25	71	1
17	21	1
11	68	1
48	25	1
99	77	1
7	32	1
41	30	1
44	41	1
36	9	1
72	3	1
33	17	1
2	18	1
34	67	1
23	37	1
37	16	1
21	8	1
96	7	1
48	87	1
3	26	1
67	9	1
76	23	1
35	38	1
30	48	1
45	21	1
48	1	1
89	7	1
79	32	1
99	95	1
43	41	1
44	37	1
20	27	1
16	87	1
49	42	1
15	29	1
32	35	1
43	29	1
18	5	1
99	82	1
6	3	1
33	38	1
47	30	1
44	47	1
