***2D Rectangular Problem***
***Instances for the Single Stock Size Cutting Stock Problem (SSSCSP)***
Input parameter file: none_it_is_the_cl_10_100_02_from_CLASS
****************************************************************************************************
Total number of instances 
LargeObject.Length	LargeObject.Width
Number of different item types (i)
Item[i].Length	Item[i].Width	Item[i].Demand
*****************************************************************************************************
1
100	100
99
25	39	1
15	6	1
37	48	1
9	10	1
26	10	1
6	42	1
44	25	1
56	51	1
39	42	1
10	40	1
12	13	1
16	69	1
13	37	1
24	50	1
42	13	1
36	80	1
49	43	1
1	21	1
34	25	1
18	48	1
47	10	1
39	68	1
38	99	1
12	37	1
6	39	1
39	48	1
67	33	1
18	38	2
27	30	1
50	5	1
79	80	1
35	50	1
10	33	1
23	23	1
14	24	1
4	98	1
71	2	1
68	58	1
54	58	1
10	23	1
4	44	1
30	93	1
7	6	1
28	10	1
13	47	1
53	83	1
21	15	1
8	72	1
32	11	1
39	39	1
98	35	1
49	21	1
14	38	1
36	69	1
34	18	1
50	93	1
7	83	1
44	34	1
33	11	1
16	84	1
12	25	1
15	24	1
43	17	1
42	23	1
28	36	1
96	75	1
16	34	1
29	31	1
69	9	1
40	39	1
100	62	1
29	50	1
46	44	1
45	14	1
45	3	1
40	87	1
47	93	1
12	1	1
3	5	1
62	73	1
11	48	1
41	49	1
21	19	1
47	28	1
35	78	1
87	9	1
2	45	1
43	96	1
22	49	1
33	31	1
94	81	1
50	21	1
79	42	1
46	14	1
48	31	1
20	10	1
30	47	1
21	9	1
14	41	1
