***2D Rectangular Problem***
***Instances for the Single Stock Size Cutting Stock Problem (SSSCSP)***
Input parameter file: none_it_is_the_cl_10_080_08_from_CLASS
****************************************************************************************************
Total number of instances 
LargeObject.Length	LargeObject.Width
Number of different item types (i)
Item[i].Length	Item[i].Width	Item[i].Demand
*****************************************************************************************************
1
100	100
80
76	28	1
90	20	1
100	50	1
27	14	1
12	27	1
22	35	1
50	55	1
19	34	1
78	37	1
19	11	1
15	22	1
23	16	1
38	10	1
29	48	1
39	50	1
38	9	1
19	44	1
100	98	1
26	40	1
15	14	1
11	39	1
33	9	1
24	41	1
53	81	1
15	47	1
27	31	1
34	5	1
4	72	1
87	15	1
34	16	1
69	29	1
16	50	1
8	46	1
66	12	1
39	16	1
40	2	1
48	38	1
31	20	1
34	14	1
25	15	1
48	42	1
22	39	1
41	24	1
22	40	1
11	8	1
25	20	1
9	45	1
31	27	1
35	35	1
39	13	1
39	28	1
1	26	1
21	24	1
16	77	1
30	23	1
33	36	1
18	25	1
3	33	1
34	29	1
27	8	1
27	37	1
3	11	1
48	48	1
32	41	1
99	11	1
75	50	1
83	27	1
49	37	1
30	47	1
37	1	1
13	19	1
77	93	1
24	44	1
80	14	1
13	22	1
18	12	1
30	3	1
18	38	1
25	37	1
20	42	1
