***2D Rectangular Problem***
***Instances for the Single Stock Size Cutting Stock Problem (SSSCSP)***
Input parameter file: none_it_is_the_cl_10_100_05_from_CLASS
****************************************************************************************************
Total number of instances 
LargeObject.Length	LargeObject.Width
Number of different item types (i)
Item[i].Length	Item[i].Width	Item[i].Demand
*****************************************************************************************************
1
100	100
100
43	4	1
84	22	1
25	21	1
30	22	1
10	16	1
10	24	1
48	39	1
18	30	1
92	40	1
4	38	1
83	68	1
18	50	1
30	26	1
10	14	1
29	10	1
30	32	1
32	81	1
28	2	1
37	13	1
4	25	1
97	32	1
7	1	1
7	28	1
89	80	1
21	67	1
98	61	1
39	4	1
36	47	1
9	34	1
1	35	1
32	42	1
44	25	1
8	85	1
15	19	1
91	42	1
15	15	1
18	33	1
42	15	1
3	3	1
46	17	1
94	1	1
29	22	1
31	83	1
40	30	1
24	29	1
29	41	1
21	11	1
45	69	1
20	20	1
40	22	1
72	56	1
74	42	1
27	22	1
12	15	1
35	76	1
90	90	1
46	36	1
97	69	1
59	84	1
31	1	1
27	11	1
43	35	1
47	16	1
33	22	1
19	48	1
50	13	1
95	58	1
96	55	1
23	98	1
20	2	1
68	13	1
21	1	1
92	8	1
1	3	1
26	86	1
8	7	1
65	79	1
43	15	1
9	8	1
7	26	1
5	14	1
99	39	1
4	47	1
66	55	1
55	58	1
14	25	1
10	49	1
88	98	1
18	76	1
41	81	1
28	12	1
22	1	1
92	85	1
31	32	1
8	36	1
17	76	1
27	15	1
82	52	1
50	23	1
24	43	1
