***2D Rectangular Problem***
***Instances for the Single Stock Size Cutting Stock Problem (SSSCSP)***
Input parameter file: none_it_is_the_cl_10_060_09_from_CLASS
****************************************************************************************************
Total number of instances 
LargeObject.Length	LargeObject.Width
Number of different item types (i)
Item[i].Length	Item[i].Width	Item[i].Demand
*****************************************************************************************************
1
100	100
60
2	23	1
32	7	1
12	10	1
37	66	1
83	25	1
21	49	1
42	18	1
88	50	1
11	38	1
71	52	1
33	91	1
39	72	1
8	14	1
34	19	1
36	78	1
7	31	1
16	50	1
8	46	1
50	11	1
37	14	1
37	99	1
44	35	1
26	15	1
28	9	1
19	9	1
41	35	1
14	31	1
32	15	1
12	31	1
50	48	1
14	9	1
98	33	1
18	15	1
80	22	1
25	48	1
23	13	1
35	10	1
3	7	1
48	100	1
61	53	1
13	17	1
47	4	1
32	12	1
60	57	1
53	85	1
3	13	1
28	36	1
23	22	1
55	65	1
21	34	1
36	22	1
46	49	1
19	7	1
50	16	1
6	79	1
31	37	1
45	11	1
40	72	1
37	29	1
28	37	1
