***2D Rectangular Problem***
***Instances for the Single Stock Size Cutting Stock Problem (SSSCSP)***
Input parameter file: none_it_is_the_cl_10_060_03_from_CLASS
****************************************************************************************************
Total number of instances 
LargeObject.Length	LargeObject.Width
Number of different item types (i)
Item[i].Length	Item[i].Width	Item[i].Demand
*****************************************************************************************************
1
100	100
60
18	27	1
99	71	1
49	30	1
37	45	1
7	35	1
28	45	1
93	94	1
21	24	1
7	5	1
18	31	1
99	20	1
18	76	1
68	87	1
21	28	1
77	7	1
26	18	1
42	30	1
34	37	1
96	56	1
97	33	1
28	35	1
10	7	1
37	17	1
77	59	1
74	51	1
47	39	1
40	40	1
20	47	1
88	31	1
46	33	1
53	74	1
25	47	1
67	21	1
7	39	1
30	20	1
42	8	1
35	22	1
29	6	1
18	28	1
20	31	1
29	36	1
13	35	1
17	47	1
72	16	1
34	11	1
9	25	1
78	77	1
11	12	1
1	47	1
16	84	1
1	20	1
24	20	1
29	46	1
35	94	1
35	24	1
49	40	1
19	69	1
16	16	1
81	90	1
90	21	1
