***2D Rectangular Problem***
***Instances for the Single Stock Size Cutting Stock Problem (SSSCSP)***
Input parameter file: none_it_is_the_cl_10_080_09_from_CLASS
****************************************************************************************************
Total number of instances 
LargeObject.Length	LargeObject.Width
Number of different item types (i)
Item[i].Length	Item[i].Width	Item[i].Demand
*****************************************************************************************************
1
100	100
79
27	41	1
15	48	2
59	54	1
31	7	1
21	22	1
49	44	1
10	41	1
21	8	1
26	14	1
45	1	1
80	39	1
22	22	1
43	17	1
52	69	1
44	49	1
36	46	1
22	33	1
22	1	1
28	20	1
11	33	1
13	10	1
3	43	1
25	3	1
48	31	1
45	47	1
33	47	1
46	41	1
29	49	1
49	13	1
2	67	1
6	74	1
53	60	1
15	40	1
89	21	1
28	46	1
41	34	1
43	30	1
27	100	1
11	41	1
40	20	1
32	30	1
31	42	1
69	48	1
50	77	1
83	93	1
48	96	1
13	16	1
23	25	1
46	17	1
83	9	1
31	97	1
6	46	1
20	3	1
15	90	1
73	37	1
66	28	1
6	50	1
16	23	1
3	94	1
9	21	1
3	9	1
86	22	1
6	5	1
28	84	1
62	79	1
4	34	1
80	32	1
71	44	1
33	12	1
40	6	1
48	20	1
50	81	1
16	6	1
92	41	1
37	20	1
4	13	1
10	74	1
48	37	1
86	81	1
