***2D Rectangular Problem***
***Instances for the Single Stock Size Cutting Stock Problem (SSSCSP)***
Input parameter file: none_it_is_the_T5c_from_Hopper
****************************************************************************************************
Total number of instances 
LargeObject.Length	LargeObject.Width
Number of different item types (i)
Item[i].Length	Item[i].Width	Item[i].Demand
*****************************************************************************************************
1
200	200
73
112	22	1
18	47	1
61	25	1
9	38	1
41	8	1
50	12	1
21	25	1
26	57	1
35	13	1
35	33	1
6	4	1
56	29	1
12	13	1
32	9	1
39	16	1
10	4	1
22	35	1
22	31	1
24	94	1
13	11	1
29	8	1
64	19	1
5	3	1
24	52	1
18	49	1
34	23	1
52	43	1
5	7	1
12	2	1
31	5	1
8	5	1
4	9	1
21	6	1
10	41	1
13	4	1
38	35	1
29	37	1
5	20	1
14	34	1
8	38	1
20	28	1
57	17	1
25	14	1
23	72	1
51	17	1
60	28	1
2	10	1
8	17	1
10	36	1
19	25	1
19	10	1
19	41	1
32	11	1
10	39	1
6	6	1
7	2	1
6	33	1
5	32	1
3	19	1
4	4	1
3	13	1
24	21	1
68	11	1
10	9	1
24	10	1
44	19	1
26	7	1
6	11	1
13	13	1
2	11	1
24	4	1
48	9	1
30	7	1
