***2D Rectangular Problem***
***Instances for the Single Stock Size Cutting Stock Problem (SSSCSP)***
Input parameter file: none_it_is_the_T7b_from_Hopper
****************************************************************************************************
Total number of instances 
LargeObject.Length	LargeObject.Width
Number of different item types (i)
Item[i].Length	Item[i].Width	Item[i].Demand
*****************************************************************************************************
1
200	200
170
19	50	1
8	50	1
8	8	1
9	8	1
8	2	1
10	2	1
10	29	1
17	22	1
32	22	1
9	22	1
6	9	2
21	9	2
3	15	2
10	5	2
30	5	1
8	11	1
10	11	2
10	10	1
30	10	1
8	5	2
9	5	1
6	13	3
21	13	1
17	64	1
10	26	1
8	26	1
3	18	1
40	18	1
17	7	1
32	7	1
9	11	2
27	11	2
4	23	1
6	23	1
14	7	1
35	7	1
10	6	2
3	6	1
5	11	1
14	15	1
4	15	2
12	74	1
12	29	1
19	29	1
14	41	1
22	8	1
13	8	2
10	38	1
8	38	1
3	5	1
22	33	1
5	13	1
8	13	1
8	10	3
3	9	3
2	9	1
5	31	1
14	27	1
4	27	2
10	41	1
9	41	1
8	52	1
4	25	1
6	25	1
3	1	1
2	1	1
8	21	1
5	21	1
5	20	1
8	20	1
12	45	1
19	45	1
18	41	2
7	12	1
28	12	1
25	9	1
28	9	1
25	4	1
28	4	1
3	4	1
4	4	2
7	9	1
6	12	1
5	3	1
17	3	1
31	7	1
4	9	2
5	4	1
17	4	1
22	5	1
31	5	1
7	4	1
21	4	1
27	14	1
94	14	1
12	9	2
31	9	1
8	4	1
17	9	1
25	12	1
24	12	1
4	10	1
20	10	2
19	16	1
29	45	1
28	5	1
15	5	1
7	32	1
4	5	1
5	15	1
23	15	1
6	18	1
9	18	2
12	10	1
17	10	1
4	6	2
20	6	1
25	7	1
24	7	1
6	19	1
9	19	1
9	21	1
19	38	1
7	19	1
10	3	1
12	3	1
28	27	1
12	18	1
5	12	1
23	12	1
10	16	1
12	16	1
9	9	2
43	13	1
7	13	1
6	2	1
9	2	1
15	17	1
9	17	1
7	16	1
8	3	2
25	27	1
20	24	1
9	30	1
4	24	1
10	24	1
28	8	1
20	4	2
1	4	2
6	3	1
16	3	1
3	19	1
27	8	1
48	8	1
17	17	1
26	17	1
48	11	1
7	10	1
17	13	1
26	13	1
4	12	1
12	8	1
3	11	1
75	11	1
9	4	1
14	4	1
27	5	1
23	5	1
13	4	1
12	4	1
