 731  358
40
  43   30  0 5
  70   33  0 1
 119  126  0 2
 197  100  0 7
 227   76  0 9
 193  116  0 3
 167  138  0 8
 201   26  0 8
 179   59  0 2
 124   26  0 3
 289   51  0 1
 254  124  0 4
 187   77  0 2
 156   41  0 8
 171  100  0 8
 131   56  0 3
  73   32  0 6
 159   59  0 4
 264  140  0 4
 155   54  0 7
 127   21  0 3
 251  116  0 4
 157   43  0 9
  87   53  0 4
 239  101  0 2
 189   21  0 9
 272   87  0 5
  43   88  0 3
  57   54  0 3
  45  130  0 3
 231   94  0 8
 151   54  0 9
 176   30  0 3
 105  102  0 9
  41   75  0 4
 195  100  0 9
 247   60  0 3
 266   46  0 5
 251  118  0 3
 287   19  0 9
