241  983
44
46  129  0 3
71  204  0 9
26  330  0 5
15   72  0 6
81  180  0 7
63  239  0 3
54  302  0 6
15  214  0 3
72   93  0 2
59  154  0 9
90  266  0 6
41  151  0 3
70  281  0 1
50  268  0 8
46  285  0 7
49  263  0 2
80  341  0 4
65  390  0 5
89   52  0 5
85  185  0 1
74  289  0 2
18  379  0 8
59  139  0 8
39   52  0 8
83   98  0 3
56  355  0 5
76  142  0 7
81  371  0 4
41  249  0 8
59  233  0 8
38  279  0 3
82  170  0 9
47  233  0 1
77  274  0 4
57  224  0 7
42  313  0 6
37  135  0 7
86  275  0 2
46  357  0 5
19  270  0 1
52  165  0 9
82  124  0 9
68  257  0 2
54   56  0 3
