440  881
43
 158   73  0 6
 100  179  0 9
 150  227  0 4
  83  181  0 8
  68  298  0 5
  23  107  0 4
  41  174  0 2
 101  236  0 6
  70   78  0 2
  89  104  0 2
  28  279  0 5
  89  249  0 3
  55  236  0 2
 129  287  0 3
 136  236  0 2
 171  117  0 2
  74  309  0 6
  60  230  0 6
  26   92  0 9
  28  217  0 1
  55  284  0 6
  64   82  0 3
  89  129  0 7
 154   54  0 9
 126  172  0 9
 146  138  0 4
  79  133  0 8
  29  304  0 2
 174  200  0 8
 148  115  0 3
  60  207  0 8
 135  231  0 9
 171   82  0 8
  82  263  0 8
 109  340  0 8
 131  350  0 6
  40  135  0 4
 146  328  0 1
  38  297  0 7
 106  149  0 8
 138  235  0 5
 128   51  0 1
 175  119  0 3
