856  964
51
 290  350  0 4
 328  292  0 3
 240  206  0 1
 246  126  0 9
 250  279  0 7
  71  353  0 9
  67  127  0 9
 209  275  0 1
 317  264  0 6
 119  228  0 2
 331   50  0 4
 138  163  0 7
  60  339  0 2
 187  298  0 1
  73  104  0 7
 164  123  0 8
 250  189  0 5
 228  143  0 5
 154  345  0 5
  70  297  0 4
 198  376  0 8
 170  100  0 7
 295  292  0 6
 238  177  0 7
 195  187  0 3
 252  132  0 5
 313  148  0 6
 175  162  0 6
  44  206  0 5
 164  366  0 6
 161  339  0 9
  62   81  0 5
 304  165  0 2
 284  302  0 6
 261  376  0 6
 183   80  0 4
 224  163  0 2
 212  366  0 8
  46   75  0 6
  66  158  0 5
 179  207  0 7
 314   98  0 2
  96  107  0 1
 320  380  0 3
 211   82  0 3
 252   53  0 6
  74  183  0 6
 274   72  0 1
  65  240  0 7
 229  321  0 4
 265  280  0 7
