307  124
56
  99   18  0 2
  80   17  0 2
  67   16  0 2
  70   44  0 2
  23   36  0 2
  51   16  0 2
  58    8  0 9
  53   25  0 3
  98   19  0 6
 117   21  0 1
  52   11  0 3
  77   41  0 2
  72   27  0 9
  92   35  0 7
  81   46  0 6
  23   18  0 4
  64   21  0 1
  99   37  0 1
  47   34  0 5
 109   32  0 2
  95   37  0 7
  96   29  0 7
 105   19  0 8
 105   13  0 1
  46   19  0 8
  55   42  0 5
  95   43  0 6
  42    6  0 2
  49   42  0 1
  26   10  0 2
  28   19  0 5
  59    9  0 2
  16   14  0 5
  99   37  0 7
  55   45  0 8
  51   20  0 7
  29   26  0 7
  39   15  0 5
  99   15  0 8
  47   39  0 4
  84   14  0 5
 106   12  0 6
  32   14  0 7
  72   33  0 7
  52   21  0 2
  51   26  0 5
  62   23  0 1
 100   29  0 4
  68   32  0 1
  37   27  0 3
  51   13  0 4
  19   30  0 6
  60   22  0 2
  64    9  0 4
 118   28  0 8
 120   24  0 8
