927  152
38
 324   27  0 9
 111   20  0 8
 358   13  0 6
  74   43  0 6
 190   19  0 3
 178   37  0 2
 254   21  0 7
  57   31  0 3
 110    7  0 6
 172   25  0 5
 158   39  0 9
 311   39  0 4
 158   18  0 7
  69   32  0 6
  59   28  0 5
 345   23  0 7
 210   13  0 5
 339   20  0 9
 332   24  0 2
 104   46  0 3
 138   12  0 7
 212   32  0 5
 320   40  0 1
 174   14  0 2
 343   37  0 1
 139   40  0 3
 157   19  0 3
 360   58  0 4
 337   19  0 6
  59   55  0 3
 319   53  0 3
 215    7  0 7
 238   14  0 6
 243   32  0 4
 213   18  0 6
 214   34  0 4
 328   50  0 6
 205   32  0 9
