***2D Rectangular Problem***
***Instances for the Multiple Heterogeneous Large Object Placement Problem (MHLOPP/W)***
Input parameter file: NONE
***************************************************************************************************************
Total number of instances 
Number of different large objects (j)
LargeObject[j].Length	LargeObject[j].Width	LargeObject[j].Available
Number of different item types (i)
Item[i].Length	Item[i].Width	Item[i].LowerBoundDemand	Item[i].UpperBoundDemand	Item[i].Value
***************************************************************************************************************
1
1
2550 2100 4
31
2400 561 0 52 1346400
2160 561 0 27 1211760
963 542 0 39 521946
763 542 0 29 413546
463 542 0 27 250946
413 542 0 35 223846
481 531 0 16 255411
467 511 0 16 238637
2367 498 0 20 1178766
477 498 0 16 237546
467 461 0 40 215287
925 443 0 12 409775
2367 398 0 16 942066
2127 398 0 12 846546
1001 371 0 32 371371
998 325 0 16 324350
748 325 0 20 243100
2003 321 0 40 642963
498 318 0 50 158364
398 318 0 30 126564
998 317 0 50 316366
748 317 0 16 237116
483 317 0 50 153111
398 317 0 16 126166
1938 314 0 16 608532
968 314 0 16 303952
637 298 0 8 189826
721 251 0 20 180971
321 251 0 32 80571
301 250 0 8 75250
371 210 0 32 77910
