***2D Rectangular Problem***
***Instances for the Multiple Heterogeneous Large Object Placement Problem (MHLOPP/W)***
Input parameter file: NONE
***************************************************************************************************************
Total number of instances 
Number of different large objects (j)
LargeObject[j].Length	LargeObject[j].Width	LargeObject[j].Available
Number of different item types (i)
Item[i].Length	Item[i].Width	Item[i].LowerBoundDemand	Item[i].UpperBoundDemand	Item[i].Value
***************************************************************************************************************
1
1
2550 2100 4
107
2040 1111 0 1 2266440
1940 1111 0 1 2155340
2040 1102 0 2 2248080
1940 1102 0 1 2137880
1071 1071 0 4 1147041
2001 1021 0 1 2043021
1751 1002 0 1 1754502
1681 1002 0 1 1684362
1391 1001 0 1 1392391
486 976 0 1 474336
718 961 0 4 689998
468 961 0 6 449748
2040 952 0 2 1942080
1418 918 0 2 1301724
913 913 0 2 833569
2002 911 0 3 1823822
1081 902 0 1 975062
641 881 0 6 564721
467 879 0 2 410493
367 879 0 1 322593
1921 851 0 3 1634771
1821 851 0 4 1549671
1888 835 0 3 1576480
1788 835 0 4 1492980
1001 771 0 3 771771
1681 752 0 2 1264112
1441 752 0 2 1083632
1081 752 0 1 812912
1121 751 0 1 841871
1001 751 0 3 751751
1001 721 0 2 721721
1001 691 0 2 691691
501 691 0 1 346191
2251 671 0 1 1510421
2001 671 0 3 1342671
1501 671 0 2 1007171
1401 671 0 1 940071
1366 671 0 1 916586
1001 671 0 3 671671
551 671 0 1 369721
2040 641 0 3 1307640
2001 611 0 1 1222611
443 565 0 2 250295
2400 561 0 1 1346400
2160 561 0 1 1211760
713 559 0 2 398567
663 559 0 2 370617
2400 543 0 2 1303200
2160 543 0 1 1172880
1441 543 0 4 782463
720 511 0 1 367920
717 509 0 1 364953
1681 502 0 1 843862
1441 502 0 1 723382
1081 502 0 1 542662
881 498 0 1 438738
815 498 0 1 405870
967 495 0 2 478665
2356 487 0 5 1147372
2116 487 0 4 1030492
2040 481 0 1 981240
1940 481 0 3 933140
1111 464 0 2 515504
991 464 0 1 459824
401 461 0 1 184861
967 459 0 5 443853
267 459 0 1 122553
1962 450 0 4 882900
2116 437 0 4 924692
1131 418 0 1 472758
1065 418 0 1 445170
557 392 0 2 218344
1001 391 0 4 391391
751 391 0 4 293641
501 391 0 1 195891
2116 387 0 4 818892
2160 385 0 2 831600
981 378 0 1 370818
915 378 0 1 345870
768 373 0 2 286464
966 368 0 1 355488
721 368 0 2 265328
721 367 0 1 264607
1752 361 0 1 632472
1502 361 0 1 542222
557 352 0 2 196064
721 351 0 1 253071
768 333 0 2 255744
1001 329 0 12 329329
341 329 0 2 112189
1111 304 0 2 337744
858 281 0 2 241098
721 281 0 2 202601
1131 268 0 1 303108
1065 268 0 1 285420
721 251 0 2 180971
467 249 0 1 116283
2441 201 0 2 490641
721 201 0 3 144921
2170 191 0 1 414470
2441 151 0 1 368591
720 145 0 1 104400
2411 101 0 1 243511
2410 101 0 1 243410
1251 101 0 1 126351
731 91 0 1 66521
481 461 0 1 221741
