***2D Rectangular Problem***
***Instances for the Multiple Heterogeneous Large Object Placement Problem (MHLOPP/W)***
Input parameter file: NONE
***************************************************************************************************************
Total number of instances 
Number of different large objects (j)
LargeObject[j].Length	LargeObject[j].Width	LargeObject[j].Available
Number of different item types (i)
Item[i].Length	Item[i].Width	Item[i].LowerBoundDemand	Item[i].UpperBoundDemand	Item[i].Value
***************************************************************************************************************
1
1
2550 2100 2
75
501 1801 0 1 902301
1071 1071 0 2 1147041
2101 1021 0 1 2145121
2001 1021 0 3 2043021
1681 1002 0 1 1684362
1441 1002 0 1 1443882
2111 1001 0 1 2113111
1361 1001 0 1 1362361
721 981 0 6 707301
468 961 0 4 449748
1418 918 0 2 1301724
1201 901 0 1 1082101
251 901 0 1 226151
721 881 0 2 635201
721 831 0 2 599151
1001 771 0 1 771771
1441 752 0 1 1083632
1361 751 0 3 1022111
1001 751 0 1 751751
751 751 0 3 564001
1940 641 0 2 1243540
963 559 0 2 538317
413 559 0 6 230867
768 557 0 4 427776
729 557 0 1 406053
668 557 0 1 372076
2400 543 0 1 1303200
1101 541 0 1 595641
651 541 0 1 352191
481 511 0 2 245791
1441 502 0 3 723382
2111 501 0 1 1057611
981 498 0 1 488538
915 498 0 1 455670
881 498 0 1 438738
815 498 0 1 405870
2116 487 0 3 1030492
1940 481 0 2 933140
557 472 0 4 262904
967 459 0 4 443853
768 453 0 4 347904
1801 451 0 1 812251
1001 449 0 1 449449
441 449 0 1 198009
2356 437 0 4 1029572
782 392 0 1 306544
721 392 0 1 282632
751 391 0 2 293641
551 391 0 3 215441
2356 387 0 4 911772
2002 361 0 1 722722
1001 329 0 1 329329
751 329 0 7 247079
557 329 0 2 183253
441 329 0 1 145089
980 299 0 2 293020
729 295 0 2 215055
967 279 0 4 269793
981 268 0 2 262908
915 268 0 2 245220
831 268 0 1 222708
765 268 0 1 205020
2191 255 0 1 558705
2091 255 0 1 533205
2501 251 0 1 627751
519 250 0 2 129750
557 242 0 6 134794
2400 235 0 1 564000
768 223 0 4 171264
668 223 0 2 148964
392 165 0 1 64680
519 145 0 6 75255
418 250 0 1 104500
378 250 0 1 94500
481 461 0 1 221741
