***2D Rectangular Problem***
***Instances for the Multiple Heterogeneous Large Object Placement Problem (MHLOPP/W)***
Input parameter file: NONE
***************************************************************************************************************
Total number of instances 
Number of different large objects (j)
LargeObject[j].Length	LargeObject[j].Width	LargeObject[j].Available
Number of different item types (i)
Item[i].Length	Item[i].Width	Item[i].LowerBoundDemand	Item[i].UpperBoundDemand	Item[i].Value
***************************************************************************************************************
1
1
2550 2100 2
34
721 981 0 4 707301
1868 961 0 1 1795148
1901 911 0 1 1731811
985 911 0 1 897335
1001 691 0 1 691691
1940 641 0 1 1243540
768 557 0 2 427776
729 557 0 1 406053
1681 502 0 1 843862
2111 501 0 1 1057611
981 498 0 2 488538
915 498 0 2 455670
2362 493 0 4 1164466
2356 487 0 1 1147372
721 481 0 2 346801
467 479 0 1 223693
557 472 0 4 262904
843 462 0 1 389466
721 462 0 1 333102
967 459 0 1 443853
768 453 0 4 347904
2362 443 0 2 1046366
2356 437 0 2 1029572
2401 401 0 1 962801
557 399 0 2 222243
729 365 0 2 266085
1002 361 0 1 361722
751 329 0 8 247079
2001 251 0 1 502251
1001 251 0 1 251251
492 165 0 1 81180
716 80 0 1 57280
481 461 0 1 221741
328 281 0 1 92168
