***2D Rectangular Problem***
***Instances for the Multiple Heterogeneous Large Object Placement Problem (MHLOPP/W)***
Input parameter file: NONE
***************************************************************************************************************
Total number of instances 
Number of different large objects (j)
LargeObject[j].Length	LargeObject[j].Width	LargeObject[j].Available
Number of different item types (i)
Item[i].Length	Item[i].Width	Item[i].LowerBoundDemand	Item[i].UpperBoundDemand	Item[i].Value
***************************************************************************************************************
1
1
2550 2100 2
78
1055 1055 0 4 1113025
991 1001 0 1 991991
1081 991 0 1 1071271
1402 902 0 2 1264604
897 897 0 2 804609
467 881 0 2 411427
367 881 0 1 323327
1404 801 0 3 1124604
684 801 0 2 547884
1404 751 0 3 1054404
684 751 0 2 513684
1404 736 0 1 1033344
684 736 0 1 503424
1404 686 0 1 963144
684 686 0 1 469224
2400 661 0 1 1586400
2350 561 0 2 1318350
1410 556 0 3 783960
690 556 0 2 383640
443 548 0 5 242764
1630 542 0 1 883460
901 542 0 2 488342
713 542 0 3 386446
663 542 0 2 359346
1410 530 0 3 747300
690 530 0 4 365700
1410 525 0 3 740250
1001 521 0 2 521521
2367 511 0 1 1209537
717 511 0 2 366387
2047 498 0 2 1019406
1997 498 0 2 994506
1407 498 0 2 700686
1117 498 0 15 556266
657 481 0 5 316017
1487 467 0 3 694429
503 467 0 3 234901
267 461 0 1 123087
1410 456 0 1 642960
690 456 0 1 314640
2367 448 0 8 1060416
637 448 0 1 285376
998 445 0 1 444110
748 445 0 4 332860
498 445 0 1 221610
467 445 0 3 207815
1410 430 0 1 606300
690 430 0 1 296700
1410 425 0 1 599250
690 425 0 1 293250
366 411 0 1 150426
637 408 0 1 259896
2047 398 0 2 814706
998 398 0 1 397204
2400 351 0 1 842400
541 351 0 2 189891
2127 348 0 2 740196
498 325 0 6 161850
1918 318 0 1 609924
798 318 0 1 253764
712 318 0 1 226416
662 318 0 1 210516
497 318 0 1 158046
298 318 0 1 94764
478 317 0 8 151526
353 297 0 2 104841
2400 251 0 4 602400
2160 251 0 2 542160
1441 251 0 8 361691
467 251 0 1 117217
451 250 0 1 112750
411 250 0 1 102750
2367 248 0 1 587016
2400 206 0 4 494400
466 201 0 1 93666
991 182 0 2 180362
326 109 0 2 35534
467 461 0 1 215287
