***2D Rectangular Problem***
***Instances for the Multiple Heterogeneous Large Object Placement Problem (MHLOPP/W)***
Input parameter file: NONE
***************************************************************************************************************
Total number of instances 
Number of different large objects (j)
LargeObject[j].Length	LargeObject[j].Width	LargeObject[j].Available
Number of different item types (i)
Item[i].Length	Item[i].Width	Item[i].LowerBoundDemand	Item[i].UpperBoundDemand	Item[i].Value
***************************************************************************************************************
1
1
2550 2100 4
54
221 1801 0 2 398021
1055 1055 0 2 1113025
721 1001 0 1 721721
1402 902 0 1 1264604
1404 801 0 1 1124604
721 801 0 1 577521
1404 751 0 1 1054404
1025 556 0 2 569900
2338 542 0 1 1267196
1668 542 0 1 904056
963 542 0 2 521946
901 542 0 1 488342
613 542 0 1 332246
1025 530 0 2 543250
637 528 0 2 336336
1025 525 0 2 538125
2400 520 0 1 1248000
1407 498 0 1 700686
1167 498 0 1 581166
2003 481 0 2 963443
512 481 0 6 246272
2367 448 0 2 1060416
2127 448 0 3 952896
1407 448 0 2 630336
998 445 0 1 444110
498 445 0 2 221610
480 445 0 2 213600
366 411 0 1 150426
1407 398 0 2 559986
477 398 0 1 189846
633 388 0 1 245604
2400 382 0 1 916800
539 353 0 3 190267
541 351 0 1 189891
2003 321 0 5 642963
898 317 0 2 284666
798 317 0 2 252966
2038 314 0 1 639932
1998 314 0 3 627372
637 298 0 3 189826
353 297 0 1 104841
2400 251 0 2 602400
321 251 0 4 80571
531 250 0 2 132750
301 250 0 3 75250
2160 206 0 1 444960
721 171 0 1 123291
2400 161 0 1 386400
2001 101 0 2 202101
835 728 0 2 607880
1980 380 0 1 752400
1860 380 0 2 706800
1820 380 0 6 691600
880 380 0 6 334400
