***2D Rectangular Problem***
***Instances for the Multiple Heterogeneous Large Object Placement Problem (MHLOPP/W)***
Input parameter file: NONE
***************************************************************************************************************
Total number of instances 
Number of different large objects (j)
LargeObject[j].Length	LargeObject[j].Width	LargeObject[j].Available
Number of different item types (i)
Item[i].Length	Item[i].Width	Item[i].LowerBoundDemand	Item[i].UpperBoundDemand	Item[i].Value
***************************************************************************************************************
1
1
2550 2100 2
82
1113 1113 0 2 1238769
1055 1055 0 8 1113025
1741 991 0 1 1725331
2411 951 0 2 2292861
1402 902 0 7 1264604
2160 901 0 4 1946160
897 897 0 2 804609
763 882 0 1 672966
463 882 0 4 408366
1164 801 0 2 932364
2441 751 0 1 1833191
1164 751 0 2 874164
721 701 0 2 505421
998 637 0 2 635726
498 637 0 18 317226
2400 636 0 2 1526400
2300 636 0 1 1462800
2400 601 0 3 1442400
2300 601 0 1 1382300
2400 570 0 1 1368000
1940 561 0 4 1088340
1691 561 0 2 948651
1467 561 0 1 822987
1217 561 0 2 682737
717 561 0 2 402237
2370 553 0 1 1310610
2270 553 0 1 1255310
1668 542 0 1 904056
1630 542 0 3 883460
963 542 0 2 521946
713 542 0 6 386446
691 542 0 1 374522
613 542 0 2 332246
303 542 0 3 164226
481 531 0 4 255411
367 531 0 1 194877
1001 521 0 3 521521
2367 511 0 1 1209537
701 501 0 1 351201
1907 498 0 2 949686
1766 481 0 3 849446
541 481 0 3 260221
1467 461 0 5 676287
1217 461 0 2 561037
1657 448 0 2 742336
1407 448 0 2 630336
998 445 0 1 444110
498 445 0 2 221610
367 445 0 3 163315
267 445 0 3 118815
1001 401 0 2 401401
2127 398 0 6 846546
2047 398 0 2 814706
1001 398 0 1 398398
1001 371 0 4 371371
351 351 0 2 123201
2367 338 0 1 800046
2253 321 0 2 723213
1918 318 0 2 609924
1498 317 0 3 474866
453 317 0 8 143601
2038 314 0 1 639932
1998 314 0 3 627372
918 314 0 4 288252
2161 311 0 1 672071
2400 302 0 1 724800
353 297 0 1 104841
2400 251 0 8 602400
2160 251 0 4 542160
1910 251 0 2 479410
741 251 0 3 185991
321 251 0 4 80571
2127 248 0 2 527496
2400 241 0 1 578400
721 221 0 1 159341
467 221 0 1 103207
371 210 0 4 77910
721 182 0 4 131222
466 171 0 1 79686
2253 161 0 2 362733
326 86 0 1 28036
1301 81 0 1 105381
