***2D Rectangular Problem***
***Instances for the Multiple Heterogeneous Large Object Placement Problem (MHLOPP/W)***
Input parameter file: NONE
***************************************************************************************************************
Total number of instances 
Number of different large objects (j)
LargeObject[j].Length	LargeObject[j].Width	LargeObject[j].Available
Number of different item types (i)
Item[i].Length	Item[i].Width	Item[i].LowerBoundDemand	Item[i].UpperBoundDemand	Item[i].Value
***************************************************************************************************************
1
1
2550 2100 2
36
1055 1055 0 2 1113025
721 1001 0 2 721721
2241 991 0 1 2220831
1851 991 0 1 1834341
1741 991 0 1 1725331
2400 636 0 1 1526400
2400 601 0 1 1442400
1217 561 0 2 682737
1170 556 0 2 650520
901 542 0 1 488342
1170 530 0 2 620100
1170 525 0 2 614250
1117 498 0 1 556266
633 488 0 1 308904
722 481 0 6 347282
407 461 0 1 187627
998 445 0 1 444110
480 445 0 1 213600
716 411 0 1 294276
406 411 0 1 166866
637 398 0 1 253526
897 391 0 2 350727
2160 381 0 4 822960
637 373 0 2 237601
963 362 0 1 348606
463 362 0 2 167606
2003 321 0 3 642963
508 317 0 4 161036
1998 314 0 1 627372
2400 251 0 2 602400
2160 251 0 4 542160
2101 201 0 1 422301
1751 201 0 1 351951
2501 101 0 2 252601
2201 101 0 2 222301
925 443 0 1 409775
