***2D Rectangular Problem***
***Instances for the Multiple Heterogeneous Large Object Placement Problem (MHLOPP/W)***
Input parameter file: NONE
***************************************************************************************************************
Total number of instances 
Number of different large objects (j)
LargeObject[j].Length	LargeObject[j].Width	LargeObject[j].Available
Number of different item types (i)
Item[i].Length	Item[i].Width	Item[i].LowerBoundDemand	Item[i].UpperBoundDemand	Item[i].Value
***************************************************************************************************************
1
1
2550 2100 2
98
1649 1736 0 1 2862664
2051 1501 0 1 3078551
1751 1501 0 4 2628251
1301 1301 0 1 1692601
2001 1181 0 1 2363181
751 1151 0 4 864401
591 1151 0 2 680241
2141 1001 0 1 2143141
1501 1001 0 1 1502501
751 1001 0 1 751751
351 1001 0 2 351351
1931 981 0 4 1894311
2504 901 0 1 2256104
1601 901 0 1 1442501
1303 901 0 2 1174003
751 901 0 2 676651
2501 751 0 1 1878251
2002 751 0 1 1503502
2001 751 0 1 1502751
1852 751 0 1 1390852
1752 751 0 2 1315752
1751 751 0 1 1315001
1252 751 0 1 940252
1906 651 0 1 1240806
1402 651 0 1 912702
2103 601 0 1 1263903
1651 601 0 1 992251
1201 601 0 1 721801
1373 581 0 3 797713
560 560 0 1 313600
2504 551 0 1 1379704
2501 551 0 3 1378051
2401 551 0 1 1322951
2254 551 0 2 1241954
2251 551 0 1 1240301
2003 551 0 3 1103653
1881 551 0 1 1036431
1861 551 0 1 1025411
1755 551 0 1 967005
1503 551 0 3 828153
1501 551 0 1 827051
1483 551 0 1 817133
1283 551 0 1 706933
1252 551 0 6 689852
1002 551 0 3 552102
752 551 0 1 414352
701 551 0 1 386251
502 551 0 1 276602
752 501 0 1 376752
890 500 0 1 445000
2241 481 0 1 1077921
991 481 0 4 476671
902 481 0 1 433862
302 481 0 1 145262
161 481 0 2 77441
439 477 0 1 209403
1111 464 0 3 515504
721 461 0 1 332381
1152 451 0 1 519552
465 444 0 2 206460
605 443 0 1 268015
445 443 0 1 197135
581 422 0 1 245182
1001 401 0 9 401401
2006 399 0 4 800394
1691 371 0 1 627361
1001 371 0 3 371371
1505 350 0 1 526750
1055 350 0 1 369250
535 350 0 1 187250
1441 331 0 1 476971
2003 321 0 1 642963
1022 321 0 1 328062
1002 321 0 2 321642
902 321 0 1 289542
2191 317 0 3 694547
1441 317 0 4 456797
581 315 0 2 183015
551 315 0 6 173565
441 315 0 4 138915
341 315 0 7 107415
1111 304 0 3 337744
1002 303 0 1 303606
2252 281 0 2 632812
2002 281 0 1 562562
1752 281 0 2 492312
902 281 0 5 253462
701 281 0 2 196981
652 281 0 1 183212
542 281 0 2 152302
341 281 0 2 95821
1597 279 0 2 445563
978 264 0 1 258192
1002 250 0 1 250500
1752 241 0 1 422232
1002 203 0 1 203406
1405 191 0 4 268355
751 315 0 1 236565
