***2D Rectangular Problem***
***Instances for the Multiple Heterogeneous Large Object Placement Problem (MHLOPP/W)***
Input parameter file: NONE
***************************************************************************************************************
Total number of instances 
Number of different large objects (j)
LargeObject[j].Length	LargeObject[j].Width	LargeObject[j].Available
Number of different item types (i)
Item[i].Length	Item[i].Width	Item[i].LowerBoundDemand	Item[i].UpperBoundDemand	Item[i].Value
***************************************************************************************************************
1
1
2550 2100 4
134
1751 1501 0 1 2628251
1501 1501 0 1 2253001
1301 1501 0 1 1952801
1001 1501 0 1 1502501
1773 1201 0 1 2129373
1201 1201 0 1 1442401
1511 1171 0 1 1769381
991 1151 0 1 1140641
751 1151 0 3 864401
1661 1101 0 1 1828761
2254 1001 0 1 2256254
2253 1001 0 4 2255253
752 1001 0 2 752752
751 1001 0 3 751751
591 1001 0 11 591591
171 997 0 4 170487
1492 814 0 1 1214488
2253 751 0 1 1692003
2002 751 0 3 1503502
1802 751 0 1 1353302
1752 751 0 3 1315752
1502 751 0 5 1128002
1252 751 0 2 940252
1002 751 0 1 752502
2501 701 0 1 1753201
2253 701 0 1 1579353
2251 701 0 2 1577951
1201 701 0 1 841901
1382 610 0 2 843020
1182 610 0 2 721020
782 610 0 2 477020
1801 606 0 1 1091406
2370 601 0 2 1424370
2270 601 0 1 1364270
1841 601 0 1 1106441
1402 601 0 2 842602
1202 601 0 3 722402
802 601 0 2 482002
1602 581 0 1 930762
1378 579 0 1 797862
2504 551 0 2 1379704
2501 551 0 1 1378051
2254 551 0 1 1241954
2003 551 0 2 1103653
1801 551 0 1 992351
1753 551 0 1 965903
1653 551 0 1 910803
1366 551 0 4 752666
1251 551 0 2 689301
1166 551 0 2 642466
1152 551 0 1 634752
1002 551 0 1 552102
981 551 0 1 540531
852 551 0 1 469452
766 551 0 1 422066
501 551 0 5 276051
500 551 0 5 275500
246 551 0 2 135546
126 545 0 1 68670
1505 531 0 1 799155
741 531 0 1 393471
209 531 0 2 110979
2001 521 0 1 1042521
2002 501 0 1 1003002
1002 501 0 1 502002
752 501 0 1 376752
890 500 0 1 445000
255 486 0 4 123930
2241 481 0 1 1077921
1753 481 0 1 843193
1505 481 0 1 723905
1501 481 0 2 721981
1305 481 0 1 627705
1002 481 0 1 481962
905 481 0 1 435305
802 481 0 1 385762
486 481 0 2 233766
721 461 0 1 332381
605 443 0 1 268015
1840 429 0 1 789360
581 422 0 2 245182
1403 401 0 1 562603
1001 401 0 2 401401
971 401 0 2 389371
721 401 0 1 289121
2006 399 0 3 800394
902 383 0 1 345466
1681 331 0 5 556411
442 321 0 1 141882
2401 317 0 4 761117
2191 317 0 2 694547
1681 317 0 5 532877
1441 317 0 2 456797
725 315 0 6 228375
401 315 0 15 126315
1111 304 0 3 337744
2391 301 0 6 719691
1971 301 0 1 593271
1061 301 0 1 319361
1001 301 0 1 301301
1001 299 0 7 299299
855 299 0 6 255645
771 299 0 7 230529
691 299 0 14 206609
2431 291 0 3 707421
1841 291 0 1 535731
751 289 0 7 217039
485 289 0 8 140165
2252 281 0 1 632812
1642 281 0 1 461402
802 281 0 2 225362
722 281 0 3 202882
642 281 0 1 180402
1745 255 0 1 444975
1002 253 0 2 253506
532 253 0 1 134596
470 253 0 4 118910
902 250 0 1 225500
962 249 0 2 239538
1002 248 0 2 248496
492 233 0 6 114636
852 221 0 1 188292
702 203 0 2 142506
2201 201 0 2 442401
1840 191 0 2 351440
1151 191 0 2 219841
1002 191 0 1 191382
1001 191 0 4 191191
721 191 0 1 137711
348 161 0 3 56028
1376 151 0 2 207776
835 128 0 2 106880
1301 101 0 1 131401
2451 1151 0 1 2821101
