***2D Rectangular Problem***
***Instances for the Multiple Heterogeneous Large Object Placement Problem (MHLOPP/W)***
Input parameter file: NONE
***************************************************************************************************************
Total number of instances 
Number of different large objects (j)
LargeObject[j].Length	LargeObject[j].Width	LargeObject[j].Available
Number of different item types (i)
Item[i].Length	Item[i].Width	Item[i].LowerBoundDemand	Item[i].UpperBoundDemand	Item[i].Value
***************************************************************************************************************
1
1
2550 2100 4
68
2211 1251 0 1 2765961
2253 1001 0 2 2255253
1501 1001 0 1 1502501
1121 1001 0 2 1122121
1001 1001 0 1 1002001
991 1001 0 1 991991
751 1001 0 1 751751
591 1001 0 2 591591
1121 940 0 1 1053740
2501 751 0 1 1878251
2251 751 0 1 1690501
1906 751 0 1 1431406
1502 751 0 1 1128002
1686 727 0 1 1225722
2501 701 0 1 1753201
982 610 0 2 599020
2370 601 0 1 1424370
1031 601 0 1 619631
1002 601 0 2 602202
1252 583 0 1 729916
1503 581 0 3 873243
878 579 0 1 508362
1753 551 0 1 965903
1751 551 0 1 964801
1503 551 0 4 828153
1252 551 0 1 689852
1002 551 0 1 552102
966 551 0 7 532266
172 551 0 1 94772
209 531 0 1 110979
721 501 0 1 361221
611 501 0 1 306111
2501 481 0 1 1202981
2241 481 0 3 1077921
1941 481 0 4 933621
1741 481 0 1 837421
1503 481 0 3 722943
1141 481 0 3 548821
161 481 0 2 77441
439 477 0 1 209403
1141 426 0 1 486066
1001 371 0 1 371371
2507 350 0 1 877450
1441 331 0 1 476971
2431 317 0 2 770627
1781 317 0 2 564577
1681 317 0 4 532877
1471 317 0 3 466307
1441 317 0 2 456797
691 315 0 4 217665
681 315 0 4 214515
601 315 0 8 189315
751 291 0 1 218541
2102 281 0 1 590662
2002 281 0 1 562562
1252 281 0 2 351812
1152 281 0 2 323712
702 281 0 4 197262
1940 255 0 1 494700
1205 255 0 1 307275
1001 255 0 1 255255
582 253 0 3 147246
470 253 0 2 118910
2191 251 0 4 549941
501 251 0 1 125751
601 249 0 14 149649
501 249 0 6 124749
502 481 0 1 241462
