***2D Rectangular Problem***
***Instances for the Multiple Heterogeneous Large Object Placement Problem (MHLOPP/W)***
Input parameter file: NONE
***************************************************************************************************************
Total number of instances 
Number of different large objects (j)
LargeObject[j].Length	LargeObject[j].Width	LargeObject[j].Available
Number of different item types (i)
Item[i].Length	Item[i].Width	Item[i].LowerBoundDemand	Item[i].UpperBoundDemand	Item[i].Value
***************************************************************************************************************
1
1
2550 2100 4
42
2349 1283 0 2 3013767
2109 1283 0 1 2705847
2349 1258 0 1 2955042
1399 1171 0 4 1638229
1199 1171 0 4 1404029
799 1121 0 4 895679
2349 785 0 2 1843965
2109 785 0 1 1655565
2004 753 0 2 1509012
1753 753 0 6 1320009
2349 751 0 1 1764099
613 751 0 4 460363
1003 723 0 6 725169
2382 687 0 4 1636434
2382 587 0 4 1398234
1504 583 0 2 876832
1503 583 0 2 876249
1004 583 0 2 585332
273 583 0 4 159159
1502 581 0 1 872662
1252 581 0 3 727412
752 581 0 1 436912
1453 483 0 4 701799
1004 483 0 2 484932
2253 481 0 1 1083693
2005 481 0 5 964405
1502 481 0 2 722462
1252 481 0 1 602212
402 481 0 21 193362
326 456 0 2 148656
1603 403 0 2 646009
2282 387 0 4 883134
1894 314 0 1 594716
1003 303 0 2 303909
1396 258 0 1 360168
751 161 0 1 120911
727 145 0 1 105415
1375 90 0 2 123750
1175 90 0 2 105750
775 74 0 1 57350
502 481 0 40 241462
1905 330 0 4 628650
