***2D Rectangular Problem***
***Instances for the Multiple Heterogeneous Large Object Placement Problem (MHLOPP/W)***
Input parameter file: NONE
***************************************************************************************************************
Total number of instances 
Number of different large objects (j)
LargeObject[j].Length	LargeObject[j].Width	LargeObject[j].Available
Number of different item types (i)
Item[i].Length	Item[i].Width	Item[i].LowerBoundDemand	Item[i].UpperBoundDemand	Item[i].Value
***************************************************************************************************************
1
1
2750 1220 4
40
943 736 0 1 694048
706 516 0 2 364296
1120 486 0 2 544320
486 433 0 2 210438
706 286 0 3 201916
2357 875 0 3 2062375
2117 875 0 1 1852375
2117 775 0 1 1640675
1036 523 0 4 541828
2357 473 0 1 1114861
2357 425 0 2 1001725
2117 425 0 1 899725
2117 375 0 1 793875
500 530 0 3 265000
1570 490 0 1 769300
1550 490 0 1 759500
500 460 0 3 230000
450 440 0 1 198000
1450 410 0 1 594500
1420 410 0 1 582200
2121 280 0 1 593880
2021 280 0 8 565880
1010 280 0 1 282800
250 250 0 4 62500
1350 225 0 1 303750
1950 150 0 6 292500
1850 150 0 2 277500
1750 150 0 6 262500
1650 150 0 6 247500
1450 150 0 16 217500
1350 150 0 4 202500
1250 150 0 2 187500
1200 150 0 2 180000
950 150 0 14 142500
850 150 0 8 127500
750 150 0 20 112500
700 150 0 4 105000
450 150 0 15 67500
400 150 0 4 60000
350 150 0 4 52500
