***2D Rectangular Problem***
***Instances for the Multiple Heterogeneous Large Object Placement Problem (MHLOPP/W)***
Input parameter file: NONE
***************************************************************************************************************
Total number of instances 
Number of different large objects (j)
LargeObject[j].Length	LargeObject[j].Width	LargeObject[j].Available
Number of different item types (i)
Item[i].Length	Item[i].Width	Item[i].LowerBoundDemand	Item[i].UpperBoundDemand	Item[i].Value
***************************************************************************************************************
1
1
2750 1220 4
32
1263 736 0 2 929568
987 705 0 2 695835
770 705 0 1 542850
1903 486 0 6 924858
1263 486 0 1 613818
486 433 0 2 210438
253 386 0 1 97658
228 210 0 7 47880
980 1031 0 2 1010380
2357 992 0 1 2338144
2192 992 0 1 2174464
76 986 0 1 74936
1897 973 0 1 1845781
1647 873 0 1 1437831
1707 781 0 1 1333167
1467 781 0 2 1145727
720 781 0 5 562320
390 781 0 2 304590
2357 753 0 2 1774821
2117 725 0 2 1534825
1707 531 0 2 906417
76 486 0 2 36936
1897 473 0 1 897281
2357 423 0 1 997011
2357 313 0 1 737741
1806 310 0 2 559860
1736 310 0 1 538160
1486 303 0 9 450258
1906 150 0 2 285900
1486 143 0 2 212498
1236 143 0 4 176748
2192 475 0 1 1041200
