***2D Rectangular Problem***
***Instances for the Multiple Heterogeneous Large Object Placement Problem (MHLOPP/W)***
Input parameter file: NONE
***************************************************************************************************************
Total number of instances 
Number of different large objects (j)
LargeObject[j].Length	LargeObject[j].Width	LargeObject[j].Available
Number of different item types (i)
Item[i].Length	Item[i].Width	Item[i].LowerBoundDemand	Item[i].UpperBoundDemand	Item[i].Value
***************************************************************************************************************
1
1
781 657 2
55
325 262 0 2 531
453 245 0 2 439
181 349 0 4 597
317 299 0 3 993
221 325 0 3 159
495 343 0 1 506
308 372 0 2 328
228 377 0 3 307
186 306 0 2 736
447 194 0 2 753
433 223 0 2 296
401 158 0 2 222
353 195 0 1 358
255 206 0 2 676
317 311 0 1 915
245 299 0 3 541
279 164 0 8 513
376 401 0 2 894
351 229 0 3 691
247 426 0 3 724
391 382 0 1 188
163 388 0 3 358
330 145 0 5 218
271 228 0 3 868
479 361 0 1 165
384 341 0 1 192
496 389 0 1 927
181 369 0 4 652
471 348 0 1 407
173 355 0 4 197
177 290 0 3 261
262 334 0 1 906
408 372 0 1 605
312 297 0 1 261
187 228 0 8 215
450 305 0 2 274
503 182 0 2 387
280 344 0 1 738
330 260 0 4 195
346 320 0 2 956
391 281 0 1 658
171 161 0 10 608
238 295 0 6 255
206 152 0 8 880
400 184 0 2 562
417 399 0 1 353
202 199 0 7 888
493 225 0 1 446
305 291 0 3 556
166 175 0 3 977
401 264 0 1 742
180 143 0 2 556
461 355 0 1 795
439 338 0 1 736
262 412 0 2 729
