***2D Rectangular Problem***
***Instances for the Multiple Heterogeneous Large Object Placement Problem (MHLOPP/W)***
Input parameter file: NONE
***************************************************************************************************************
Total number of instances 
Number of different large objects (j)
LargeObject[j].Length	LargeObject[j].Width	LargeObject[j].Available
Number of different item types (i)
Item[i].Length	Item[i].Width	Item[i].LowerBoundDemand	Item[i].UpperBoundDemand	Item[i].Value
***************************************************************************************************************
1
1
276 374 8
45
148 108 0 3 602
93 90 0 6 741
74 227 0 2 853
164 121 0 3 166
165 134 0 1 462
144 217 0 1 966
78 118 0 8 818
120 120 0 2 512
110 106 0 2 222
163 156 0 1 665
133 87 0 2 872
70 242 0 2 422
132 213 0 1 969
86 197 0 3 367
120 182 0 3 567
57 234 0 4 245
145 230 0 1 758
139 233 0 1 899
109 219 0 1 292
81 206 0 2 847
138 198 0 1 867
70 214 0 3 504
137 95 0 4 882
150 230 0 1 780
125 213 0 1 780
74 116 0 2 958
84 227 0 2 896
91 229 0 3 502
149 230 0 1 934
66 223 0 4 668
93 109 0 4 204
56 99 0 6 468
168 232 0 1 586
80 148 0 5 819
135 212 0 1 283
152 125 0 1 231
169 139 0 2 279
69 96 0 12 747
106 110 0 2 623
140 177 0 1 269
70 158 0 6 601
82 140 0 6 790
57 195 0 3 276
176 206 0 1 697
148 161 0 1 397
