***2D Rectangular Problem***
***Instances for the Multiple Heterogeneous Large Object Placement Problem (MHLOPP/W)***
Input parameter file: NONE
***************************************************************************************************************
Total number of instances 
Number of different large objects (j)
LargeObject[j].Length	LargeObject[j].Width	LargeObject[j].Available
Number of different item types (i)
Item[i].Length	Item[i].Width	Item[i].LowerBoundDemand	Item[i].UpperBoundDemand	Item[i].Value
***************************************************************************************************************
1
1
305 287 2
60
75 90 0 11 201
111 119 0 3 287
183 105 0 2 383
69 96 0 1 257
98 117 0 6 179
85 145 0 3 205
102 163 0 1 273
93 77 0 6 271
62 167 0 4 386
143 64 0 1 140
155 128 0 1 409
183 162 0 1 250
160 135 0 1 316
107 173 0 1 208
156 133 0 2 487
173 97 0 1 270
102 59 0 7 194
181 94 0 3 291
195 150 0 1 397
114 181 0 2 226
75 67 0 10 178
151 85 0 6 267
177 72 0 3 320
100 87 0 2 284
93 110 0 5 267
184 129 0 1 390
79 134 0 2 447
185 155 0 1 287
159 118 0 2 140
127 118 0 4 293
189 143 0 1 211
89 117 0 1 296
96 157 0 3 316
167 114 0 2 461
104 72 0 2 199
184 127 0 1 231
169 143 0 2 322
139 68 0 6 542
74 182 0 3 359
190 89 0 2 276
174 112 0 1 349
63 127 0 3 203
76 115 0 3 491
154 148 0 1 267
122 131 0 3 194
155 106 0 2 221
61 138 0 7 286
155 162 0 1 190
76 76 0 2 386
131 124 0 4 245
105 80 0 1 480
89 155 0 2 213
104 99 0 4 549
169 69 0 4 202
186 81 0 3 373
195 73 0 3 186
114 183 0 1 200
170 156 0 1 392
195 78 0 3 269
145 106 0 2 243
