***2D Rectangular Problem***
***Instances for the Multiple Heterogeneous Large Object Placement Problem (MHLOPP/W)***
Input parameter file: NONE
***************************************************************************************************************
Total number of instances 
Number of different large objects (j)
LargeObject[j].Length	LargeObject[j].Width	LargeObject[j].Available
Number of different item types (i)
Item[i].Length	Item[i].Width	Item[i].LowerBoundDemand	Item[i].UpperBoundDemand	Item[i].Value
***************************************************************************************************************
1
1
405 362 4
50
137 230 0 2 273
204 98 0 1 550
260 122 0 2 702
205 168 0 1 337
252 77 0 1 542
110 132 0 3 213
162 217 0 1 346
106 164 0 3 552
123 75 0 10 731
229 202 0 1 616
83 228 0 1 442
192 153 0 3 609
257 222 0 1 404
257 151 0 1 840
259 220 0 1 899
213 141 0 2 792
217 170 0 2 973
131 158 0 4 698
114 150 0 4 441
196 179 0 3 700
103 200 0 3 728
186 234 0 2 205
190 176 0 4 444
233 163 0 2 668
115 106 0 8 205
159 200 0 2 779
253 185 0 1 160
133 204 0 2 683
213 201 0 1 739
103 212 0 1 841
121 189 0 2 372
214 160 0 2 326
204 200 0 1 505
109 91 0 4 476
118 95 0 8 978
118 110 0 2 461
102 184 0 2 751
152 100 0 3 680
226 116 0 1 898
114 134 0 3 389
179 89 0 3 365
88 87 0 9 217
254 137 0 1 311
135 154 0 4 978
164 229 0 2 240
162 123 0 4 764
216 200 0 1 544
175 176 0 4 722
185 182 0 1 606
257 207 0 1 940
