***2D Rectangular Problem***
***Instances for the Multiple Heterogeneous Large Object Placement Problem (MHLOPP/W)***
Input parameter file: NONE
***************************************************************************************************************
Total number of instances 
Number of different large objects (j)
LargeObject[j].Length	LargeObject[j].Width	LargeObject[j].Available
Number of different item types (i)
Item[i].Length	Item[i].Width	Item[i].LowerBoundDemand	Item[i].UpperBoundDemand	Item[i].Value
***************************************************************************************************************
1
1
982 967 4
60
278 613 0 2 334
564 347 0 2 669
431 203 0 6 240
199 590 0 1 159
576 608 0 1 243
481 573 0 1 505
359 296 0 2 154
536 585 0 1 196
385 486 0 2 525
636 399 0 2 323
580 570 0 1 426
539 587 0 1 306
477 323 0 1 613
466 278 0 6 841
504 592 0 1 827
498 577 0 1 283
322 496 0 2 232
211 464 0 1 733
542 296 0 2 441
590 619 0 1 807
321 414 0 2 330
489 546 0 2 537
532 623 0 1 696
275 402 0 6 763
505 443 0 1 675
288 320 0 1 153
465 275 0 2 719
450 425 0 3 252
484 279 0 6 362
434 411 0 4 848
494 274 0 2 415
384 289 0 1 464
534 489 0 1 211
571 590 0 1 205
629 537 0 1 278
414 580 0 2 146
455 555 0 1 630
410 498 0 1 514
350 504 0 1 527
467 511 0 1 240
387 482 0 1 626
569 615 0 1 299
545 404 0 2 591
328 599 0 1 442
488 348 0 1 354
406 547 0 2 595
544 428 0 1 762
262 291 0 1 363
365 611 0 1 155
265 380 0 5 782
354 392 0 4 427
220 432 0 2 689
198 524 0 4 583
415 366 0 1 702
437 313 0 5 819
438 194 0 1 499
620 201 0 1 230
432 593 0 1 806
580 500 0 1 551
614 491 0 1 342
