***2D Rectangular Problem***
***Instances for the Single Stock Size Cutting Stock Problem (SSSCSP)***
Input parameter file: none_it_is_the_N5b_from_Hopper
****************************************************************************************************
Total number of instances 
LargeObject.Length	LargeObject.Width
Number of different item types (i)
Item[i].Length	Item[i].Width	Item[i].Demand
*****************************************************************************************************
1
200	200
71
66	25	1
14	30	1
18	14	2
43	34	1
59	30	1
10	16	1
8	33	1
22	47	1
18	16	1
26	13	1
24	17	1
26	4	1
7	28	1
26	14	1
30	51	1
39	25	1
7	3	1
19	9	1
25	6	1
8	14	1
18	78	1
14	17	1
62	12	1
15	64	1
16	5	1
46	13	1
27	26	1
12	63	1
30	8	1
36	91	1
23	31	1
8	13	1
22	9	1
9	50	1
14	4	1
8	16	1
22	12	1
57	37	1
7	6	1
12	36	1
11	29	1
30	56	1
50	62	1
61	13	1
4	7	1
7	33	1
16	26	1
12	46	1
21	27	1
28	65	1
4	4	1
9	19	1
40	13	1
6	19	2
15	22	1
19	31	1
21	17	1
5	6	1
5	15	1
30	7	1
8	12	1
11	8	1
19	21	1
3	20	1
18	3	1
83	16	1
16	13	1
2	7	1
6	10	1
37	6	1
8	3	1
