***2D Rectangular Problem***
***Instances for the Single Stock Size Cutting Stock Problem (SSSCSP)***
Input parameter file: none_it_is_the_N5c_from_Hopper
****************************************************************************************************
Total number of instances 
LargeObject.Length	LargeObject.Width
Number of different item types (i)
Item[i].Length	Item[i].Width	Item[i].Demand
*****************************************************************************************************
1
200	200
70
54	12	1
39	23	1
17	58	1
90	30	1
12	32	1
42	11	2
81	21	1
58	20	1
4	23	1
25	9	1
3	13	1
14	35	1
11	4	1
9	15	1
5	23	1
15	21	1
18	10	1
13	88	1
5	19	1
42	10	1
49	8	1
9	3	2
13	5	1
4	11	1
14	60	1
37	9	1
5	20	1
79	16	1
5	16	1
4	8	1
19	49	1
9	8	1
33	22	1
34	6	1
27	12	1
7	23	1
4	21	1
26	7	1
23	4	1
14	59	1
18	16	1
16	24	1
27	49	1
8	47	1
8	23	1
19	14	1
3	2	1
1	5	1
51	8	1
10	3	1
30	9	2
28	96	1
9	31	1
30	19	1
18	55	1
20	28	1
23	86	1
10	18	1
9	12	1
21	41	1
4	2	1
4	9	1
31	7	1
23	68	1
18	29	1
69	27	1
91	14	1
35	23	1
61	22	1
65	13	1
