***2D Rectangular Problem***
***Instances for the Single Stock Size Cutting Stock Problem (SSSCSP)***
Input parameter file: none_it_is_the_N5d_from_Hopper
****************************************************************************************************
Total number of instances 
LargeObject.Length	LargeObject.Width
Number of different item types (i)
Item[i].Length	Item[i].Width	Item[i].Demand
*****************************************************************************************************
1
200	200
71
18	43	1
55	12	1
16	41	1
11	23	2
29	20	1
15	81	1
30	27	1
17	23	1
9	26	1
15	31	1
40	73	1
1	3	1
28	14	1
12	11	1
15	7	1
2	3	1
11	4	1
18	22	2
12	3	1
38	19	1
36	7	1
4	21	1
52	14	1
6	10	1
7	11	1
20	8	1
32	32	1
24	76	1
12	15	1
8	34	1
2	13	1
4	1	1
11	12	1
9	30	1
13	39	1
34	9	1
20	30	1
14	35	1
25	19	1
31	17	1
16	30	1
82	14	1
33	5	1
4	27	1
27	13	1
97	16	1
20	56	1
12	26	1
43	14	1
64	17	1
25	74	1
8	40	1
24	10	1
7	45	1
52	17	1
47	68	1
17	57	1
11	53	1
13	35	1
25	4	1
7	31	1
20	58	1
9	42	1
16	27	1
17	11	1
10	34	1
7	12	1
20	18	1
23	15	1
63	12	1
42	11	1
