***2D Rectangular Problem***
***Instances for the Single Stock Size Cutting Stock Problem (SSSCSP)***
Input parameter file: none_it_is_the_N5e_from_Hopper
****************************************************************************************************
Total number of instances 
LargeObject.Length	LargeObject.Width
Number of different item types (i)
Item[i].Length	Item[i].Width	Item[i].Demand
*****************************************************************************************************
1
200	200
73
89	17	1
70	29	1
12	60	1
10	33	1
17	6	1
2	9	1
8	17	1
9	3	1
11	14	1
36	31	1
53	12	1
10	10	1
9	26	1
123	19	1
20	16	1
79	28	1
13	46	1
18	70	1
44	9	1
5	30	1
5	11	1
24	39	1
8	31	1
36	21	1
17	28	1
35	6	1
30	12	1
14	18	1
41	10	1
21	17	1
14	6	1
44	11	1
80	17	1
10	56	1
27	5	1
17	101	1
41	7	1
34	10	1
19	68	1
55	50	1
6	39	1
40	12	1
1	3	1
35	9	1
21	36	1
63	15	1
9	21	1
50	15	1
13	6	1
22	9	1
7	30	1
9	37	1
1	6	1
55	16	1
7	25	1
9	17	1
22	46	1
29	18	1
26	45	1
33	36	1
22	11	1
4	8	1
5	10	1
11	2	1
48	27	1
4	26	1
3	7	1
22	7	1
16	13	1
12	19	1
6	18	1
16	6	1
32	12	1
